image_name;xmin;ymin;width;height;xmax;ymax
IMG_7364.JPG;288;568;30;34;318;602
IMG_7364.JPG;70;652;28;30;98;682
IMG_7364.JPG;81;680;30;31;111;711
IMG_7364.JPG;32;799;36;32;68;831
IMG_7365.JPG;212;780;29;31;241;811
IMG_7365.JPG;267;720;27;29;294;749
IMG_7365.JPG;496;822;34;32;530;854
IMG_7365.JPG;350;939;32;34;382;973
IMG_7365.JPG;306;1001;35;35;341;1036
IMG_7366.JPG;322;502;31;34;353;536
IMG_7366.JPG;600;704;36;38;636;742
IMG_7366.JPG;462;773;35;35;497;808
IMG_7366.JPG;493;880;40;41;533;921
IMG_7366.JPG;381;1065;33;37;414;1102
IMG_7367.JPG;332;204;29;33;361;237
IMG_7367.JPG;598;222;30;35;628;257
IMG_7367.JPG;428;276;30;35;458;311
IMG_7368.JPG;530;876;31;36;561;912
IMG_7368.JPG;531;1001;32;36;563;1037
IMG_7368.JPG;577;1085;31;38;608;1123
IMG_7368.JPG;485;1183;36;32;521;1215
IMG_7368.JPG;304;1266;32;32;336;1298
IMG_7369.JPG;450;576;35;32;485;608
IMG_7369.JPG;461;816;32;31;493;847
IMG_7369.JPG;480;1056;28;35;508;1091
IMG_7369.JPG;466;1131;30;34;496;1165
IMG_7372.JPG;564;680;33;33;597;713
IMG_7372.JPG;542;800;26;29;568;829
IMG_7372.JPG;449;764;31;34;480;798
IMG_7372.JPG;528;648;24;30;552;678
IMG_7372.JPG;501;659;27;33;528;692
IMG_7373.JPG;277;746;32;31;309;777
IMG_7373.JPG;406;981;35;34;441;1015
IMG_7373.JPG;583;964;32;37;615;1001
IMG_7373.JPG;330;1128;33;34;363;1162
IMG_7373.JPG;444;1240;33;32;477;1272
IMG_7374.JPG;380;271;26;28;406;299
IMG_7374.JPG;267;680;28;29;295;709
IMG_7374.JPG;430;709;28;33;458;742
IMG_7374.JPG;520;784;33;31;553;815
IMG_7374.JPG;340;601;28;30;368;631
IMG_7375.JPG;503;408;28;37;531;445
IMG_7375.JPG;513;703;33;34;546;737
IMG_7375.JPG;391;902;35;34;426;936
IMG_7375.JPG;581;886;32;33;613;919
IMG_7376.JPG;405;709;31;30;436;739
IMG_7376.JPG;268;793;30;31;298;824
IMG_7376.JPG;326;834;31;34;357;868
IMG_7376.JPG;242;953;35;34;277;987
IMG_7376.JPG;289;1150;35;34;324;1184
IMG_7378.JPG;409;459;27;32;436;491
IMG_7378.JPG;459;480;30;32;489;512
IMG_7378.JPG;386;667;32;31;418;698
IMG_7378.JPG;291;540;30;32;321;572
IMG_7378.JPG;263;681;32;31;295;712
IMG_7379.JPG;542;192;30;32;572;224
IMG_7379.JPG;434;376;29;37;463;413
IMG_7379.JPG;303;391;30;35;333;426
IMG_7379.JPG;602;1030;30;34;632;1064
IMG_7379.JPG;243;602;34;32;277;634
IMG_7380.JPG;403;446;34;34;437;480
IMG_7380.JPG;465;492;34;33;499;525
IMG_7380.JPG;414;698;32;31;446;729
IMG_7380.JPG;526;746;35;40;561;786
IMG_7380.JPG;503;799;36;39;539;838
IMG_7381.JPG;331;791;37;35;368;826
IMG_7381.JPG;324;875;31;34;355;909
IMG_7381.JPG;583;892;39;29;622;921
IMG_7381.JPG;325;1240;33;31;358;1271
IMG_7382.JPG;188;582;33;28;221;610
IMG_7384.JPG;690;222;33;31;723;253
IMG_7384.JPG;514;260;27;30;541;290
IMG_7384.JPG;778;446;34;32;812;478
IMG_7384.JPG;626;595;31;31;657;626
IMG_7384.JPG;579;638;31;30;610;668
IMG_7385.JPG;419;509;30;31;449;540
IMG_7385.JPG;362;463;27;30;389;493
IMG_7385.JPG;419;637;27;27;446;664
IMG_7385.JPG;455;999;31;31;486;1030
IMG_7385.JPG;368;833;29;33;397;866
IMG_7387.JPG;342;653;26;29;368;682
IMG_7387.JPG;362;794;27;29;389;823
IMG_7387.JPG;371;1026;32;30;403;1056
IMG_7388.JPG;557;125;34;33;591;158
IMG_7391.JPG;818;650;34;31;852;681
IMG_7391.JPG;345;665;35;28;380;693
IMG_7391.JPG;381;957;34;31;415;988
IMG_7391.JPG;624;1202;38;32;662;1234
IMG_7393.JPG;128;535;28;37;156;572
IMG_7393.JPG;218;895;31;27;249;922
IMG_7393.JPG;441;842;29;31;470;873
IMG_7393.JPG;480;843;27;29;507;872
IMG_7394.JPG;515;475;31;28;546;503
IMG_7394.JPG;502;539;30;23;532;562
IMG_7394.JPG;630;68;32;31;662;99
IMG_7395.JPG;495;583;28;32;523;615
IMG_7395.JPG;592;664;32;31;624;695
IMG_7395.JPG;398;675;34;30;432;705
IMG_7395.JPG;423;836;40;39;463;875
IMG_7396.JPG;378;142;28;28;406;170
IMG_7396.JPG;216;197;29;31;245;228
IMG_7396.JPG;431;482;31;26;462;508
IMG_7396.JPG;330;501;36;26;366;527
IMG_7396.JPG;418;590;28;25;446;615
IMG_7397.JPG;353;954;33;28;386;982
IMG_7397.JPG;359;1123;28;31;387;1154
IMG_7397.JPG;518;1050;39;30;557;1080
IMG_7397.JPG;501;1253;34;28;535;1281
IMG_7398.JPG;58;487;31;30;89;517
IMG_7398.JPG;146;1176;32;33;178;1209
IMG_7402.JPG;537;677;31;29;568;706
IMG_7402.JPG;604;720;29;34;633;754
IMG_7402.JPG;642;721;32;31;674;752
IMG_7402.JPG;623;890;33;31;656;921
IMG_7402.JPG;122;919;35;31;157;950
IMG_7403.JPG;687;954;33;31;720;985
IMG_7403.JPG;723;917;29;32;752;949
IMG_7403.JPG;712;1234;33;29;745;1263
IMG_7404.JPG;425;743;31;33;456;776
IMG_7404.JPG;504;792;33;32;537;824
IMG_7404.JPG;326;828;33;28;359;856
IMG_7404.JPG;402;1138;33;32;435;1170
IMG_7405.JPG;491;275;35;30;526;305
IMG_7405.JPG;398;296;32;29;430;325
IMG_7405.JPG;440;504;32;29;472;533
IMG_7405.JPG;525;544;35;30;560;574
IMG_7406.JPG;379;512;31;31;410;543
IMG_7406.JPG;282;446;30;30;312;476
IMG_7406.JPG;245;707;30;34;275;741
IMG_7406.JPG;387;1057;35;31;422;1088
IMG_7407.JPG;515;480;31;33;546;513
IMG_7407.JPG;520;573;28;31;548;604
IMG_7407.JPG;416;558;32;30;448;588
IMG_7407.JPG;415;596;30;27;445;623
IMG_7407.JPG;437;641;32;30;469;671
IMG_7408.JPG;104;1068;27;28;131;1096
IMG_7408.JPG;220;1097;32;30;252;1127
IMG_7409.JPG;581;1199;38;35;619;1234
IMG_7409.JPG;450;1025;34;35;484;1060
IMG_7409.JPG;240;580;30;32;270;612
IMG_7410.JPG;500;158;28;32;528;190
IMG_7410.JPG;441;189;28;34;469;223
IMG_7410.JPG;538;1;31;27;569;28
IMG_7411.JPG;378;79;34;29;412;108
IMG_7411.JPG;382;332;33;30;415;362
IMG_7411.JPG;389;388;27;31;416;419
IMG_7411.JPG;354;762;31;32;385;794
IMG_7411.JPG;359;813;36;32;395;845
IMG_7413.JPG;287;412;31;32;318;444
IMG_7413.JPG;109;586;30;33;139;619
IMG_7413.JPG;324;1116;29;31;353;1147
IMG_7413.JPG;235;1223;29;28;264;1251
IMG_7414.JPG;85;390;27;29;112;419
IMG_7415.JPG;292;541;29;29;321;570
IMG_7415.JPG;235;533;30;31;265;564
IMG_7415.JPG;303;580;32;30;335;610
IMG_7415.JPG;532;719;38;33;570;752
IMG_7415.JPG;316;804;34;32;350;836
IMG_7417.JPG;355;451;29;32;384;483
IMG_7417.JPG;321;527;31;32;352;559
IMG_7417.JPG;391;684;29;27;420;711
IMG_7417.JPG;387;731;27;32;414;763
IMG_7417.JPG;354;784;37;28;391;812
IMG_7418.JPG;326;434;34;33;360;467
IMG_7418.JPG;482;369;33;31;515;400
IMG_7418.JPG;532;667;37;36;569;703
IMG_7418.JPG;215;682;34;31;249;713
IMG_7420.JPG;466;545;30;25;496;570
IMG_7420.JPG;444;587;34;32;478;619
IMG_7420.JPG;492;569;32;31;524;600
IMG_7420.JPG;588;605;28;32;616;637
IMG_7420.JPG;598;730;38;36;636;766
IMG_7421.JPG;484;587;39;33;523;620
IMG_7421.JPG;292;601;31;34;323;635
IMG_7421.JPG;412;975;39;36;451;1011
IMG_7421.JPG;269;1168;38;38;307;1206
IMG_7421.JPG;244;1305;36;34;280;1339
IMG_7423.JPG;337;731;32;30;369;761
IMG_7423.JPG;452;787;31;35;483;822
IMG_7423.JPG;218;902;29;33;247;935
IMG_7423.JPG;442;1035;40;34;482;1069
IMG_7424.JPG;553;480;30;29;583;509
IMG_7424.JPG;657;566;33;34;690;600
IMG_7424.JPG;681;1155;40;34;721;1189
IMG_7425.JPG;826;653;34;28;860;681
IMG_7426.JPG;670;812;35;34;705;846
IMG_7426.JPG;381;1065;37;37;418;1102
IMG_7426.JPG;861;1244;38;31;899;1275
IMG_7427.JPG;309;302;29;29;338;331
IMG_7427.JPG;489;446;32;32;521;478
IMG_7427.JPG;343;618;30;27;373;645
IMG_7427.JPG;333;689;29;29;362;718
IMG_7427.JPG;368;713;30;28;398;741
IMG_7428.JPG;404;862;41;33;445;895
IMG_7428.JPG;616;857;35;32;651;889
IMG_7428.JPG;629;936;37;38;666;974
IMG_7428.JPG;585;1290;41;28;626;1318
IMG_7429.JPG;173;247;35;33;208;280
IMG_7429.JPG;389;615;34;32;423;647
IMG_7429.JPG;289;981;39;39;328;1020
IMG_7429.JPG;202;1124;34;35;236;1159
IMG_7429.JPG;549;1102;39;30;588;1132
IMG_7430.JPG;558;662;37;30;595;692
IMG_7430.JPG;390;987;40;30;430;1017
IMG_7431.JPG;372;779;34;32;406;811
IMG_7431.JPG;300;782;38;35;338;817
IMG_7431.JPG;297;580;35;35;332;615
IMG_7431.JPG;359;975;33;31;392;1006
IMG_7432.JPG;431;376;38;31;469;407
IMG_7432.JPG;634;515;33;32;667;547
IMG_7432.JPG;414;987;38;36;452;1023
IMG_7432.JPG;263;1020;33;33;296;1053
IMG_7432.JPG;636;1241;39;34;675;1275
IMG_7433.JPG;281;653;27;30;308;683
IMG_7433.JPG;294;752;34;36;328;788
IMG_7433.JPG;219;721;32;24;251;745
IMG_7433.JPG;227;742;32;35;259;777
IMG_7433.JPG;96;932;38;34;134;966
IMG_7434.JPG;573;804;38;27;611;831
IMG_7434.JPG;254;844;30;32;284;876
IMG_7434.JPG;206;755;34;27;240;782
IMG_7434.JPG;168;736;29;33;197;769
IMG_7434.JPG;570;565;31;31;601;596
IMG_7435.JPG;277;385;34;34;311;419
IMG_7435.JPG;309;602;31;32;340;634
IMG_7435.JPG;357;755;33;30;390;785
IMG_7435.JPG;73;703;38;27;111;730
IMG_7436.JPG;552;499;34;30;586;529
IMG_7436.JPG;501;527;30;32;531;559
IMG_7436.JPG;544;772;36;31;580;803
IMG_7436.JPG;419;1086;35;34;454;1120
IMG_7437.JPG;426;941;33;30;459;971
IMG_7437.JPG;351;935;35;29;386;964
IMG_7437.JPG;442;1017;37;28;479;1045
IMG_7437.JPG;496;1100;35;27;531;1127
IMG_7437.JPG;158;1130;33;31;191;1161
IMG_7438.JPG;577;676;30;27;607;703
IMG_7438.JPG;576;779;31;33;607;812
IMG_7438.JPG;460;782;28;29;488;811
IMG_7438.JPG;415;745;33;32;448;777
IMG_7438.JPG;318;1291;30;30;348;1321
IMG_7439.JPG;704;709;27;30;731;739
IMG_7439.JPG;665;805;32;30;697;835
IMG_7439.JPG;697;969;36;35;733;1004
IMG_7439.JPG;517;895;33;35;550;930
IMG_7439.JPG;451;875;34;34;485;909
IMG_7440.JPG;531;578;33;29;564;607
IMG_7440.JPG;590;799;35;32;625;831
IMG_7440.JPG;608;868;33;28;641;896
IMG_7440.JPG;472;955;32;34;504;989
IMG_7440.JPG;583;1119;36;33;619;1152
IMG_7441.JPG;347;286;31;27;378;313
IMG_7441.JPG;520;281;29;24;549;305
IMG_7441.JPG;484;583;33;28;517;611
IMG_7441.JPG;473;668;31;30;504;698
IMG_7441.JPG;231;618;31;29;262;647
IMG_7442.JPG;377;357;34;26;411;383
IMG_7442.JPG;125;350;34;31;159;381
IMG_7442.JPG;317;653;30;26;347;679
IMG_7442.JPG;419;796;34;36;453;832
IMG_7442.JPG;300;864;36;29;336;893
IMG_7444.JPG;190;887;30;35;220;922
IMG_7444.JPG;539;1256;33;35;572;1291
IMG_7445.JPG;334;1116;28;31;362;1147
IMG_7445.JPG;290;1153;31;30;321;1183
IMG_7446.JPG;456;420;30;26;486;446
IMG_7446.JPG;580;718;32;29;612;747
IMG_7446.JPG;568;978;37;35;605;1013
IMG_7446.JPG;391;588;32;28;423;616
IMG_7446.JPG;599;1085;37;33;636;1118
IMG_7448.JPG;336;382;37;30;373;412
IMG_7448.JPG;312;586;33;28;345;614
IMG_7448.JPG;341;707;32;31;373;738
IMG_7448.JPG;273;681;31;31;304;712
IMG_7448.JPG;385;954;33;34;418;988
IMG_7449.JPG;444;139;31;26;475;165
IMG_7449.JPG;468;380;32;30;500;410
IMG_7450.JPG;552;722;34;29;586;751
IMG_7450.JPG;584;815;33;31;617;846
IMG_7450.JPG;590;947;31;33;621;980
IMG_7450.JPG;401;803;35;28;436;831
IMG_7450.JPG;312;855;36;33;348;888
IMG_7451.JPG;372;302;33;27;405;329
IMG_7451.JPG;281;468;34;33;315;501
IMG_7451.JPG;124;863;27;31;151;894
IMG_7452.JPG;543;198;29;29;572;227
IMG_7452.JPG;631;597;30;26;661;623
IMG_7452.JPG;643;753;31;32;674;785
IMG_7452.JPG;540;715;30;31;570;746
IMG_7452.JPG;518;1093;34;31;552;1124
IMG_7453.JPG;116;754;28;33;144;787
IMG_7453.JPG;61;836;27;32;88;868
IMG_7453.JPG;354;897;37;32;391;929
IMG_7453.JPG;265;1000;30;33;295;1033
IMG_7454.JPG;374;408;33;28;407;436
IMG_7454.JPG;356;705;36;32;392;737
IMG_7454.JPG;413;868;30;29;443;897
IMG_7454.JPG;433;899;28;27;461;926
IMG_7454.JPG;632;1114;38;35;670;1149
IMG_7455.JPG;461;487;29;31;490;518
IMG_7455.JPG;410;505;26;30;436;535
IMG_7455.JPG;362;617;33;28;395;645
IMG_7455.JPG;432;779;32;33;464;812
IMG_7455.JPG;339;836;33;31;372;867
IMG_7456.JPG;506;730;35;29;541;759
IMG_7456.JPG;510;876;33;32;543;908
IMG_7456.JPG;399;932;40;31;439;963
IMG_7456.JPG;733;1061;39;33;772;1094
IMG_7456.JPG;542;1130;43;32;585;1162
IMG_7457.JPG;544;666;29;31;573;697
IMG_7457.JPG;465;697;33;29;498;726
IMG_7457.JPG;581;729;34;28;615;757
IMG_7457.JPG;622;814;33;29;655;843
IMG_7457.JPG;648;838;27;28;675;866
IMG_7458.JPG;507;464;31;29;538;493
IMG_7458.JPG;377;535;33;30;410;565
IMG_7458.JPG;658;762;33;28;691;790
IMG_7458.JPG;565;833;33;35;598;868
IMG_7458.JPG;515;331;31;29;546;360
IMG_7459.JPG;458;959;32;34;490;993
IMG_7459.JPG;412;1151;36;34;448;1185
IMG_7459.JPG;247;1264;37;36;284;1300
IMG_7460.JPG;493;431;32;32;525;463
IMG_7460.JPG;554;603;34;32;588;635
IMG_7460.JPG;472;671;37;33;509;704
IMG_7460.JPG;315;820;30;29;345;849
IMG_7461.JPG;368;507;32;34;400;541
IMG_7462.JPG;541;744;34;31;575;775
IMG_7462.JPG;465;909;28;30;493;939
IMG_7462.JPG;547;907;32;33;579;940
IMG_7462.JPG;449;959;28;31;477;990
IMG_7462.JPG;369;962;31;31;400;993
IMG_7463.JPG;720;810;28;29;748;839
IMG_7463.JPG;498;1068;33;34;531;1102
IMG_7463.JPG;623;1191;31;31;654;1222
IMG_7464.JPG;434;731;30;28;464;759
IMG_7464.JPG;505;744;33;30;538;774
IMG_7464.JPG;409;782;35;30;444;812
IMG_7464.JPG;344;762;34;30;378;792
IMG_7464.JPG;364;879;32;35;396;914
IMG_7465.JPG;420;340;29;29;449;369
IMG_7465.JPG;430;367;32;26;462;393
IMG_7465.JPG;454;443;30;32;484;475
IMG_7465.JPG;487;654;32;32;519;686
IMG_7465.JPG;454;894;29;34;483;928
IMG_7466.JPG;675;763;34;28;709;791
IMG_7466.JPG;622;1003;31;33;653;1036
IMG_7466.JPG;490;1098;32;33;522;1131
IMG_7467.JPG;275;393;32;34;307;427
IMG_7467.JPG;383;487;31;31;414;518
IMG_7467.JPG;327;465;32;32;359;497
IMG_7467.JPG;448;690;37;32;485;722
IMG_7467.JPG;499;910;37;37;536;947
IMG_7468.JPG;393;584;36;31;429;615
IMG_7468.JPG;413;813;37;35;450;848
IMG_7468.JPG;434;909;32;29;466;938
IMG_7468.JPG;465;924;34;32;499;956
IMG_7468.JPG;1;1133;39;38;40;1171
IMG_7469.JPG;327;774;42;36;369;810
IMG_7469.JPG;415;834;38;36;453;870
IMG_7469.JPG;419;915;43;33;462;948
IMG_7470.JPG;623;520;34;32;657;552
IMG_7471.JPG;479;757;42;37;521;794
IMG_7471.JPG;388;875;35;37;423;912
IMG_7471.JPG;480;998;43;32;523;1030
IMG_7471.JPG;547;1020;37;30;584;1050
IMG_7471.JPG;408;1111;37;32;445;1143
IMG_7473.JPG;388;410;38;34;426;444
IMG_7473.JPG;294;571;32;31;326;602
IMG_7473.JPG;316;718;34;29;350;747
IMG_7473.JPG;410;734;36;33;446;767
IMG_7473.JPG;291;1025;35;31;326;1056
IMG_7474.JPG;300;603;33;31;333;634
IMG_7474.JPG;464;654;28;28;492;682
IMG_7474.JPG;425;684;32;26;457;710
IMG_7474.JPG;426;724;33;35;459;759
IMG_7474.JPG;312;930;36;30;348;960
IMG_7475.JPG;289;440;33;28;322;468
IMG_7475.JPG;514;714;31;31;545;745
IMG_7475.JPG;298;914;30;31;328;945
IMG_7475.JPG;520;1122;31;31;551;1153
IMG_7475.JPG;314;1268;33;29;347;1297
IMG_7477.JPG;266;330;35;33;301;363
IMG_7477.JPG;381;480;30;36;411;516
IMG_7477.JPG;280;633;28;26;308;659
IMG_7477.JPG;240;618;30;32;270;650
IMG_7477.JPG;239;693;32;34;271;727
IMG_7478.JPG;375;306;27;34;402;340
IMG_7478.JPG;703;455;30;35;733;490
IMG_7478.JPG;569;845;40;35;609;880
IMG_7478.JPG;764;878;34;36;798;914
IMG_7478.JPG;574;1069;36;34;610;1103
IMG_7479.JPG;473;524;33;30;506;554
IMG_7479.JPG;440;944;35;36;475;980
IMG_7479.JPG;488;985;36;36;524;1021
IMG_7479.JPG;564;1043;33;38;597;1081
IMG_7479.JPG;226;688;28;32;254;720
IMG_7480.JPG;494;414;30;33;524;447
IMG_7480.JPG;555;747;29;33;584;780
IMG_7481.JPG;480;339;28;33;508;372
IMG_7481.JPG;287;401;32;33;319;434
IMG_7482.JPG;520;821;33;35;553;856
IMG_7482.JPG;563;896;31;37;594;933
IMG_7482.JPG;504;904;31;33;535;937
IMG_7482.JPG;496;1132;32;32;528;1164
IMG_7482.JPG;582;1193;37;35;619;1228
IMG_7483.JPG;512;939;34;32;546;971
IMG_7483.JPG;360;1037;35;33;395;1070
IMG_7483.JPG;278;1221;36;37;314;1258
IMG_7484.JPG;441;826;33;29;474;855
IMG_7484.JPG;460;869;30;30;490;899
IMG_7484.JPG;531;984;32;30;563;1014
IMG_7484.JPG;510;1013;28;29;538;1042
IMG_7484.JPG;327;911;32;29;359;940
IMG_7485.JPG;482;505;32;33;514;538
IMG_7485.JPG;565;172;32;32;597;204
IMG_7485.JPG;818;281;34;30;852;311
IMG_7486.JPG;597;780;33;31;630;811
IMG_7486.JPG;548;990;30;35;578;1025
IMG_7486.JPG;490;780;29;33;519;813
IMG_7486.JPG;447;817;30;32;477;849
IMG_7486.JPG;418;836;30;32;448;868
IMG_7488.JPG;815;1193;31;34;846;1227
IMG_7489.JPG;751;1021;36;34;787;1055
IMG_7489.JPG;457;1124;35;31;492;1155
IMG_7490.JPG;453;625;33;32;486;657
IMG_7490.JPG;661;675;35;28;696;703
IMG_7490.JPG;461;858;33;36;494;894
IMG_7490.JPG;522;961;33;36;555;997
IMG_7492.JPG;336;190;32;28;368;218
IMG_7493.JPG;506;243;32;34;538;277
IMG_7493.JPG;268;410;32;29;300;439
IMG_7493.JPG;432;724;30;28;462;752
IMG_7493.JPG;431;761;28;30;459;791
IMG_7493.JPG;276;634;24;34;300;668
IMG_7494.JPG;349;451;31;35;380;486
IMG_7494.JPG;466;716;35;36;501;752
IMG_7495.JPG;350;149;31;33;381;182
IMG_7495.JPG;304;180;32;29;336;209
IMG_7495.JPG;258;351;35;29;293;380
IMG_7495.JPG;177;446;29;32;206;478
IMG_7605.JPG;480;361;33;32;513;393
IMG_7605.JPG;392;996;37;32;429;1028
IMG_7607.JPG;802;331;33;28;835;359
IMG_7607.JPG;355;426;28;32;383;458
IMG_7608.JPG;440;478;29;30;469;508
IMG_7608.JPG;468;509;28;33;496;542
IMG_7608.JPG;457;625;32;31;489;656
IMG_7608.JPG;372;695;28;31;400;726
IMG_7608.JPG;337;672;34;28;371;700
IMG_7609.JPG;356;339;37;34;393;373
IMG_7609.JPG;380;448;32;29;412;477
IMG_7609.JPG;592;575;34;27;626;602
IMG_7609.JPG;592;608;34;32;626;640
IMG_7609.JPG;398;676;31;36;429;712
IMG_7610.JPG;635;195;38;31;673;226
IMG_7610.JPG;412;289;33;36;445;325
IMG_7610.JPG;339;709;34;33;373;742
IMG_7611.JPG;629;865;35;30;664;895
IMG_7611.JPG;419;853;39;32;458;885
IMG_7611.JPG;759;1138;29;33;788;1171
IMG_7611.JPG;470;1141;36;30;506;1171
IMG_7612.JPG;394;571;26;28;420;599
IMG_7612.JPG;549;628;35;26;584;654
IMG_7612.JPG;669;739;37;30;706;769
IMG_7612.JPG;468;738;32;30;500;768
IMG_7613.JPG;419;245;33;29;452;274
IMG_7613.JPG;529;235;33;26;562;261
IMG_7613.JPG;764;321;32;28;796;349
IMG_7613.JPG;446;410;33;30;479;440
IMG_7613.JPG;273;404;30;31;303;435
IMG_7614.JPG;398;457;29;24;427;481
IMG_7614.JPG;717;627;35;27;752;654
IMG_7614.JPG;476;1034;36;34;512;1068
IMG_7614.JPG;724;900;36;29;760;929
IMG_7615.JPG;498;567;40;32;538;599
IMG_7615.JPG;594;563;30;28;624;591
IMG_7615.JPG;591;861;37;29;628;890
IMG_7615.JPG;562;1069;35;38;597;1107
IMG_7616.JPG;432;221;33;26;465;247
IMG_7616.JPG;386;243;31;27;417;270
IMG_7616.JPG;443;286;34;30;477;316
IMG_7616.JPG;498;492;28;28;526;520
IMG_7616.JPG;458;500;34;34;492;534
IMG_7617.JPG;861;153;30;35;891;188
IMG_7617.JPG;624;1200;33;34;657;1234
IMG_7617.JPG;688;1217;33;30;721;1247
IMG_7618.JPG;403;837;36;32;439;869
IMG_7618.JPG;332;1071;30;34;362;1105
IMG_7619.JPG;445;322;36;29;481;351
IMG_7619.JPG;416;835;33;28;449;863
IMG_7620.JPG;395;753;39;32;434;785
IMG_7622.JPG;586;322;30;35;616;357
IMG_7622.JPG;548;428;32;36;580;464
IMG_7622.JPG;287;727;33;31;320;758
IMG_7622.JPG;113;829;32;30;145;859
IMG_7624.JPG;608;388;27;34;635;422
IMG_7624.JPG;543;429;31;32;574;461
IMG_7624.JPG;480;492;32;27;512;519
IMG_7624.JPG;679;624;34;32;713;656
IMG_7625.JPG;427;375;32;28;459;403
IMG_7625.JPG;520;363;32;29;552;392
IMG_7625.JPG;461;472;30;32;491;504
IMG_7625.JPG;418;515;34;32;452;547
IMG_7625.JPG;316;430;37;29;353;459
IMG_7629.JPG;291;473;34;28;325;501
IMG_7629.JPG;484;575;32;30;516;605
IMG_7629.JPG;428;665;31;36;459;701
IMG_7629.JPG;402;704;31;30;433;734
IMG_7629.JPG;443;732;30;28;473;760
IMG_7630.JPG;296;300;32;31;328;331
IMG_7630.JPG;460;355;32;32;492;387
IMG_7632.JPG;594;908;33;32;627;940
IMG_7632.JPG;598;820;29;31;627;851
IMG_7632.JPG;492;852;30;28;522;880
IMG_7632.JPG;518;952;32;25;550;977
IMG_7632.JPG;324;813;28;34;352;847
IMG_7634.JPG;378;714;29;33;407;747
IMG_7634.JPG;276;610;25;29;301;639
IMG_7634.JPG;222;715;29;31;251;746
IMG_7634.JPG;224;790;27;29;251;819
IMG_7635.JPG;387;307;29;26;416;333
IMG_7635.JPG;234;351;30;26;264;377
IMG_7635.JPG;119;426;33;31;152;457
IMG_7635.JPG;156;579;29;31;185;610
IMG_7637.JPG;414;668;36;38;450;706
IMG_7637.JPG;463;752;31;37;494;789
IMG_7637.JPG;199;658;29;31;228;689
IMG_7637.JPG;359;884;34;32;393;916
IMG_7637.JPG;319;984;33;29;352;1013
IMG_7639.JPG;528;726;33;30;561;756
IMG_7639.JPG;586;781;33;29;619;810
IMG_7639.JPG;359;964;35;33;394;997
IMG_7639.JPG;435;1050;35;31;470;1081
IMG_7639.JPG;171;1204;31;31;202;1235
IMG_7640.JPG;385;537;31;26;416;563
IMG_7640.JPG;323;622;30;27;353;649
IMG_7640.JPG;201;646;31;33;232;679
IMG_7640.JPG;340;686;32;25;372;711
IMG_7640.JPG;399;717;33;26;432;743
IMG_7641.JPG;553;434;30;28;583;462
IMG_7641.JPG;572;547;33;30;605;577
IMG_7641.JPG;340;616;30;26;370;642
IMG_7641.JPG;521;722;33;32;554;754
IMG_7641.JPG;775;873;38;33;813;906
IMG_7642.JPG;462;482;35;29;497;511
IMG_7642.JPG;24;654;36;29;60;683
IMG_7642.JPG;25;109;30;30;55;139
IMG_7642.JPG;494;803;37;29;531;832
IMG_7644.JPG;352;684;32;30;384;714
IMG_7644.JPG;303;638;26;29;329;667
IMG_7644.JPG;262;746;27;30;289;776
IMG_7644.JPG;233;846;32;28;265;874
IMG_7644.JPG;386;518;31;31;417;549
IMG_7645.JPG;590;282;35;24;625;306
IMG_7645.JPG;798;386;34;25;832;411
IMG_7645.JPG;612;587;29;26;641;613
IMG_7645.JPG;648;664;37;26;685;690
IMG_7645.JPG;318;703;30;30;348;733
IMG_7646.JPG;411;628;26;29;437;657
IMG_7646.JPG;328;605;26;29;354;634
IMG_7646.JPG;292;682;31;26;323;708
IMG_7646.JPG;287;742;34;27;321;769
IMG_7646.JPG;493;694;29;32;522;726
IMG_7648.JPG;80;451;33;32;113;483
IMG_7648.JPG;266;640;29;32;295;672
IMG_7648.JPG;213;710;30;27;243;737
IMG_7648.JPG;108;902;27;30;135;932
IMG_7648.JPG;403;777;31;35;434;812
IMG_7649.JPG;815;250;32;26;847;276
IMG_7649.JPG;480;44;31;27;511;71
IMG_7649.JPG;670;752;27;31;697;783
IMG_7650.JPG;256;1072;36;33;292;1105
IMG_7650.JPG;44;956;33;31;77;987
IMG_7651.JPG;437;629;29;29;466;658
IMG_7651.JPG;525;935;32;28;557;963
IMG_7651.JPG;315;1147;33;29;348;1176
IMG_7652.JPG;347;560;30;30;377;590
IMG_7652.JPG;497;840;32;32;529;872
IMG_7652.JPG;587;1013;34;29;621;1042
IMG_7652.JPG;324;1200;26;30;350;1230
IMG_7653.JPG;470;548;29;28;499;576
IMG_7653.JPG;426;754;30;30;456;784
IMG_7653.JPG;492;812;33;28;525;840
IMG_7653.JPG;600;918;30;29;630;947
IMG_7653.JPG;200;1024;30;29;230;1053
IMG_7654.JPG;457;732;35;26;492;758
IMG_7654.JPG;356;750;31;26;387;776
IMG_7654.JPG;133;899;29;27;162;926
IMG_7654.JPG;620;881;37;30;657;911
IMG_7654.JPG;570;1042;39;33;609;1075
IMG_7655.JPG;456;739;32;30;488;769
IMG_7655.JPG;350;755;36;30;386;785
IMG_7655.JPG;122;907;28;28;150;935
IMG_7655.JPG;613;893;35;32;648;925
IMG_7655.JPG;561;1052;37;31;598;1083
IMG_7656.JPG;428;101;32;27;460;128
IMG_7656.JPG;552;187;31;26;583;213
IMG_7656.JPG;478;274;33;25;511;299
IMG_7656.JPG;536;658;31;31;567;689
IMG_7657.JPG;76;191;32;32;108;223
IMG_7657.JPG;94;252;28;34;122;286
IMG_7657.JPG;102;429;34;32;136;461
IMG_7658.JPG;591;442;31;28;622;470
IMG_7658.JPG;524;548;35;32;559;580
IMG_7658.JPG;562;664;27;28;589;692
IMG_7658.JPG;376;523;29;30;405;553
IMG_7659.JPG;316;546;28;25;344;571
IMG_7659.JPG;250;695;28;31;278;726
IMG_7659.JPG;136;703;27;29;163;732
IMG_7659.JPG;140;739;23;28;163;767
IMG_7662.JPG;415;596;33;26;448;622
IMG_7662.JPG;301;767;34;33;335;800
IMG_7662.JPG;497;1101;32;36;529;1137
IMG_7663.JPG;467;897;26;25;493;922
IMG_7663.JPG;336;930;32;25;368;955
IMG_7663.JPG;692;836;24;28;716;864
IMG_7663.JPG;760;907;29;27;789;934
IMG_7664.JPG;418;956;27;27;445;983
IMG_7664.JPG;440;1123;27;29;467;1152
IMG_7665.JPG;379;248;24;30;403;278
IMG_7665.JPG;211;86;25;25;236;111
IMG_7667.JPG;329;227;29;32;358;259
IMG_7667.JPG;397;364;28;29;425;393
IMG_7667.JPG;407;404;25;28;432;432
IMG_7667.JPG;489;424;31;36;520;460
IMG_7667.JPG;328;400;32;26;360;426
IMG_7668.JPG;334;242;31;29;365;271
IMG_7668.JPG;385;422;34;28;419;450
IMG_7668.JPG;187;452;29;28;216;480
IMG_7668.JPG;709;444;30;29;739;473
IMG_7669.JPG;496;98;35;26;531;124
IMG_7669.JPG;443;237;30;31;473;268
IMG_7669.JPG;225;416;25;30;250;446
IMG_7669.JPG;852;747;28;26;880;773
IMG_7669.JPG;823;981;29;30;852;1011
IMG_7670.JPG;688;747;29;29;717;776
IMG_7670.JPG;506;961;32;31;538;992
IMG_7670.JPG;344;965;33;28;377;993
IMG_7670.JPG;346;1012;34;29;380;1041
IMG_7671.JPG;486;458;31;27;517;485
IMG_7671.JPG;474;517;27;27;501;544
IMG_7671.JPG;538;746;34;28;572;774
IMG_7671.JPG;560;955;30;33;590;988
IMG_7671.JPG;394;1039;34;33;428;1072
IMG_7672.JPG;602;556;29;29;631;585
IMG_7672.JPG;509;595;33;27;542;622
IMG_7672.JPG;374;568;28;26;402;594
IMG_7672.JPG;461;719;29;30;490;749
IMG_7672.JPG;313;927;34;33;347;960
IMG_7674.JPG;476;811;34;29;510;840
IMG_7674.JPG;305;978;33;28;338;1006
IMG_7674.JPG;357;1119;33;28;390;1147
IMG_7675.JPG;445;801;35;24;480;825
IMG_7675.JPG;472;840;28;25;500;865
IMG_7675.JPG;422;857;31;30;453;887
IMG_7675.JPG;570;1023;34;26;604;1049
IMG_7675.JPG;518;1079;32;28;550;1107
IMG_7676.JPG;519;667;33;33;552;700
IMG_7676.JPG;428;727;36;30;464;757
IMG_7676.JPG;307;791;32;29;339;820
IMG_7676.JPG;519;798;28;31;547;829
IMG_7676.JPG;467;841;36;32;503;873
IMG_7677.JPG;444;615;31;29;475;644
IMG_7677.JPG;372;607;32;32;404;639
IMG_7677.JPG;517;683;32;31;549;714
IMG_7677.JPG;308;927;31;30;339;957
IMG_7677.JPG;253;980;34;32;287;1012
IMG_7678.JPG;518;750;36;29;554;779
IMG_7678.JPG;634;820;36;30;670;850
IMG_7678.JPG;712;850;39;30;751;880
IMG_7678.JPG;558;1084;36;30;594;1114
IMG_7679.JPG;502;916;28;34;530;950
IMG_7679.JPG;464;1026;27;26;491;1052
IMG_7679.JPG;754;1079;28;31;782;1110
IMG_7680.JPG;620;979;34;24;654;1003
IMG_7680.JPG;630;1072;28;28;658;1100
IMG_7681.JPG;94;185;26;24;120;209
IMG_7681.JPG;433;464;29;31;462;495
IMG_7681.JPG;260;382;26;31;286;413
IMG_7681.JPG;369;508;31;26;400;534
IMG_7681.JPG;147;900;34;30;181;930
IMG_7682.JPG;476;50;29;30;505;80
IMG_7683.JPG;671;672;30;29;701;701
IMG_7683.JPG;637;687;35;28;672;715
IMG_7683.JPG;582;739;32;32;614;771
IMG_7683.JPG;484;824;35;30;519;854
IMG_7683.JPG;649;968;29;31;678;999
IMG_7684.JPG;353;687;32;24;385;711
IMG_7684.JPG;240;769;28;22;268;791
IMG_7684.JPG;233;1012;26;31;259;1043
IMG_7686.JPG;152;643;30;27;182;670
IMG_7687.JPG;521;879;32;30;553;909
IMG_7687.JPG;630;919;33;27;663;946
IMG_7687.JPG;762;945;28;29;790;974
IMG_7687.JPG;481;1162;28;29;509;1191
IMG_7688.JPG;622;978;33;26;655;1004
IMG_7689.JPG;468;141;35;26;503;167
IMG_7689.JPG;601;556;29;29;630;585
IMG_7689.JPG;484;588;27;26;511;614
IMG_7689.JPG;656;647;32;29;688;676
IMG_7689.JPG;535;445;29;27;564;472
IMG_7693.JPG;284;701;29;30;313;731
IMG_7694.JPG;199;112;29;28;228;140
IMG_7695.JPG;398;413;28;28;426;441
IMG_7695.JPG;164;1072;29;26;193;1098
IMG_7696.JPG;71;380;31;30;102;410
IMG_7696.JPG;173;350;30;30;203;380
IMG_7696.JPG;234;645;32;28;266;673
IMG_7696.JPG;292;907;30;33;322;940
IMG_7698.JPG;452;753;27;29;479;782
IMG_7698.JPG;572;759;35;26;607;785
IMG_7698.JPG;725;825;29;27;754;852
IMG_7698.JPG;571;899;34;29;605;928
IMG_7698.JPG;567;1205;29;30;596;1235
IMG_7700.JPG;429;636;26;27;455;663
IMG_7700.JPG;451;731;24;29;475;760
IMG_7700.JPG;416;769;27;29;443;798
IMG_7700.JPG;438;823;25;31;463;854
IMG_7700.JPG;407;906;30;31;437;937
IMG_7703.JPG;502;364;25;25;527;389
IMG_7703.JPG;457;454;25;27;482;481
IMG_7703.JPG;396;912;30;29;426;941
IMG_7703.JPG;831;703;27;31;858;734
IMG_7704.JPG;412;672;25;25;437;697
IMG_7704.JPG;472;926;28;30;500;956
IMG_7704.JPG;409;1029;32;30;441;1059
IMG_7705.JPG;417;630;31;29;448;659
IMG_7705.JPG;402;710;27;30;429;740
IMG_7705.JPG;578;781;33;26;611;807
IMG_7705.JPG;692;765;35;27;727;792
IMG_7705.JPG;381;867;35;30;416;897
IMG_7707.JPG;584;158;35;27;619;185
IMG_7707.JPG;590;484;27;24;617;508
IMG_7707.JPG;566;545;24;25;590;570
IMG_7707.JPG;512;559;28;29;540;588
IMG_7708.JPG;319;397;31;35;350;432
IMG_7708.JPG;419;421;25;29;444;450
IMG_7708.JPG;518;332;34;32;552;364
IMG_7708.JPG;442;739;34;30;476;769
IMG_7747.JPG;375;556;27;32;402;588
IMG_7747.JPG;572;544;26;27;598;571
IMG_7747.JPG;441;615;28;29;469;644
IMG_7747.JPG;506;697;24;31;530;728
IMG_7747.JPG;353;801;32;28;385;829
IMG_7748.JPG;682;946;29;25;711;971
IMG_7748.JPG;803;1032;32;25;835;1057
IMG_7749.JPG;336;564;25;28;361;592
IMG_7749.JPG;345;725;25;27;370;752
IMG_7749.JPG;385;829;25;29;410;858
IMG_7749.JPG;277;949;30;30;307;979
IMG_7749.JPG;353;1113;24;32;377;1145
IMG_7752.JPG;468;537;26;26;494;563
IMG_7752.JPG;463;559;27;25;490;584
IMG_7752.JPG;342;600;33;30;375;630
IMG_7752.JPG;295;658;32;28;327;686
IMG_7752.JPG;206;859;31;31;237;890
IMG_7754.JPG;546;594;29;24;575;618
IMG_7754.JPG;584;643;33;26;617;669
IMG_7754.JPG;331;742;35;30;366;772
IMG_7754.JPG;341;845;32;28;373;873
IMG_7754.JPG;575;1105;32;28;607;1133
IMG_7756.JPG;610;390;30;28;640;418
IMG_7756.JPG;603;553;31;25;634;578
IMG_7756.JPG;609;596;32;26;641;622
IMG_7756.JPG;554;615;31;32;585;647
IMG_7756.JPG;634;759;28;31;662;790
IMG_7757.JPG;619;204;36;27;655;231
IMG_7757.JPG;453;246;32;30;485;276
IMG_7757.JPG;330;878;31;36;361;914
IMG_7758.JPG;565;838;32;31;597;869
IMG_7759.JPG;566;425;35;26;601;451
IMG_7759.JPG;488;676;33;33;521;709
IMG_7759.JPG;437;665;35;29;472;694
IMG_7759.JPG;708;730;33;32;741;762
IMG_7759.JPG;393;543;31;25;424;568
IMG_7760.JPG;373;289;29;26;402;315
IMG_7760.JPG;327;341;31;32;358;373
IMG_7760.JPG;184;599;28;31;212;630
IMG_7760.JPG;49;531;28;34;77;565
IMG_7760.JPG;262;490;29;31;291;521
IMG_7761.JPG;479;816;32;29;511;845
IMG_7761.JPG;637;899;24;37;661;936
IMG_7761.JPG;621;857;27;29;648;886
IMG_7761.JPG;597;869;20;32;617;901
IMG_7761.JPG;615;888;18;23;633;911
IMG_7763.JPG;486;850;28;33;514;883
IMG_7763.JPG;578;866;34;32;612;898
IMG_7763.JPG;403;898;34;31;437;929
IMG_7763.JPG;395;989;32;28;427;1017
IMG_7763.JPG;532;1024;36;32;568;1056
IMG_7765.JPG;272;192;28;28;300;220
IMG_7765.JPG;142;461;27;29;169;490
IMG_7766.JPG;470;351;32;25;502;376
IMG_7766.JPG;365;360;29;26;394;386
IMG_7766.JPG;315;494;37;32;352;526
IMG_7766.JPG;616;641;33;29;649;670
IMG_7766.JPG;793;778;33;27;826;805
IMG_7767.JPG;454;383;30;27;484;410
IMG_7767.JPG;452;500;27;31;479;531
IMG_7767.JPG;317;472;25;30;342;502
IMG_7767.JPG;289;448;26;31;315;479
IMG_7768.JPG;591;477;33;30;624;507
IMG_7768.JPG;634;648;32;32;666;680
IMG_7768.JPG;434;725;34;32;468;757
IMG_7768.JPG;423;920;29;28;452;948
IMG_7768.JPG;526;1001;31;28;557;1029
IMG_7771.JPG;412;200;32;27;444;227
IMG_7771.JPG;229;376;31;28;260;404
IMG_7771.JPG;184;471;31;31;215;502
IMG_7771.JPG;167;757;30;30;197;787
IMG_7772.JPG;451;60;30;28;481;88
IMG_7772.JPG;563;152;36;27;599;179
IMG_7772.JPG;530;491;32;24;562;515
IMG_7772.JPG;539;531;25;27;564;558
IMG_7772.JPG;424;788;35;28;459;816
IMG_7773.JPG;415;412;25;30;440;442
IMG_7773.JPG;492;493;32;23;524;516
IMG_7773.JPG;241;446;27;28;268;474
IMG_7773.JPG;8;734;28;28;36;762
IMG_7774.JPG;392;195;31;29;423;224
IMG_7774.JPG;160;350;35;32;195;382
IMG_7774.JPG;226;721;30;31;256;752
IMG_7774.JPG;278;796;31;32;309;828
IMG_7775.JPG;644;961;28;24;672;985
IMG_7775.JPG;816;897;31;24;847;921
IMG_7776.JPG;490;779;29;28;519;807
IMG_7776.JPG;517;848;24;30;541;878
IMG_7776.JPG;711;679;29;28;740;707
IMG_7776.JPG;589;555;31;26;620;581
IMG_7778.JPG;397;454;35;32;432;486
IMG_7778.JPG;138;426;35;31;173;457
IMG_7778.JPG;395;869;26;31;421;900
IMG_7778.JPG;429;913;28;24;457;937
IMG_7778.JPG;391;954;32;29;423;983
IMG_7779.JPG;425;754;35;33;460;787
IMG_7779.JPG;524;854;34;30;558;884
IMG_7779.JPG;230;871;34;30;264;901
IMG_7780.JPG;358;580;29;23;387;603
IMG_7780.JPG;393;492;31;27;424;519
IMG_7780.JPG;396;860;29;32;425;892
IMG_7780.JPG;268;962;32;31;300;993
IMG_7780.JPG;584;860;36;29;620;889
IMG_7781.JPG;426;433;32;32;458;465
IMG_7781.JPG;315;510;30;24;345;534
IMG_7781.JPG;459;506;32;26;491;532
IMG_7781.JPG;635;488;33;24;668;512
IMG_7781.JPG;472;599;38;28;510;627
IMG_7783.JPG;396;628;29;28;425;656
IMG_7783.JPG;397;668;29;31;426;699
IMG_7783.JPG;477;672;37;23;514;695
IMG_7783.JPG;547;749;33;25;580;774
IMG_7783.JPG;497;898;35;26;532;924
IMG_7784.JPG;593;656;26;30;619;686
IMG_7784.JPG;545;653;29;27;574;680
IMG_7784.JPG;539;776;35;33;574;809
IMG_7784.JPG;427;812;34;33;461;845
IMG_7784.JPG;576;958;36;32;612;990
IMG_7785.JPG;631;685;32;32;663;717
IMG_7785.JPG;723;699;28;31;751;730
IMG_7785.JPG;451;1017;40;28;491;1045
IMG_7785.JPG;660;1095;31;24;691;1119
IMG_7786.JPG;459;616;32;27;491;643
IMG_7786.JPG;557;594;28;31;585;625
IMG_7786.JPG;405;765;29;31;434;796
IMG_7786.JPG;461;465;31;34;492;499
IMG_7787.JPG;469;624;33;26;502;650
IMG_7787.JPG;544;714;28;29;572;743
IMG_7787.JPG;465;778;33;27;498;805
IMG_7787.JPG;524;882;32;25;556;907
IMG_7787.JPG;423;508;35;32;458;540
IMG_7789.JPG;328;340;32;30;360;370
IMG_7789.JPG;262;354;30;29;292;383
IMG_7789.JPG;304;469;32;30;336;499
IMG_7789.JPG;64;247;26;30;90;277
IMG_7790.JPG;472;514;26;29;498;543
IMG_7790.JPG;627;548;27;29;654;577
IMG_7790.JPG;605;630;27;27;632;657
IMG_7790.JPG;481;548;25;28;506;576
IMG_7790.JPG;679;336;28;32;707;368
IMG_7791.JPG;453;408;35;29;488;437
IMG_7791.JPG;548;527;23;28;571;555
IMG_7791.JPG;404;403;28;25;432;428
IMG_7791.JPG;398;429;30;26;428;455
IMG_7791.JPG;455;958;35;33;490;991
IMG_7792.JPG;532;193;25;32;557;225
IMG_7792.JPG;413;457;30;27;443;484
IMG_7792.JPG;350;473;32;27;382;500
IMG_7792.JPG;410;532;29;28;439;560
IMG_7792.JPG;364;672;30;32;394;704
IMG_7793.JPG;503;653;33;29;536;682
IMG_7793.JPG;418;674;35;30;453;704
IMG_7793.JPG;496;847;30;23;526;870
IMG_7793.JPG;377;1025;33;26;410;1051
IMG_7794.JPG;583;474;35;26;618;500
IMG_7794.JPG;607;635;32;30;639;665
IMG_7794.JPG;729;639;32;32;761;671
IMG_7794.JPG;491;803;36;35;527;838
IMG_7794.JPG;401;940;30;28;431;968
IMG_7795.JPG;537;621;34;33;571;654
IMG_7795.JPG;523;746;31;31;554;777
IMG_7795.JPG;368;822;34;33;402;855
IMG_7795.JPG;302;831;35;31;337;862
IMG_7797.JPG;471;646;27;24;498;670
IMG_7797.JPG;569;828;35;28;604;856
IMG_7797.JPG;285;993;31;28;316;1021
IMG_7797.JPG;600;991;38;30;638;1021
IMG_7797.JPG;309;1092;29;28;338;1120
IMG_7798.JPG;199;636;32;33;231;669
IMG_7800.JPG;361;417;27;32;388;449
IMG_7800.JPG;703;646;35;30;738;676
IMG_7800.JPG;609;755;30;32;639;787
IMG_7800.JPG;564;757;33;35;597;792
IMG_7803.JPG;555;480;40;27;595;507
IMG_7803.JPG;548;542;27;27;575;569
IMG_7803.JPG;564;703;30;34;594;737
IMG_7803.JPG;436;777;26;32;462;809
IMG_7803.JPG;614;874;30;31;644;905
IMG_7804.JPG;289;719;29;26;318;745
IMG_7804.JPG;434;682;27;30;461;712
IMG_7804.JPG;438;722;30;25;468;747
IMG_7804.JPG;402;884;32;34;434;918
IMG_7804.JPG;284;844;27;28;311;872
IMG_7805.JPG;465;676;32;27;497;703
IMG_7805.JPG;316;692;31;27;347;719
IMG_7805.JPG;374;801;25;27;399;828
IMG_7805.JPG;451;836;31;26;482;862
IMG_7805.JPG;647;1024;34;28;681;1052
IMG_7806.JPG;492;636;35;28;527;664
IMG_7806.JPG;438;661;35;30;473;691
IMG_7806.JPG;584;765;32;27;616;792
IMG_7806.JPG;548;949;35;31;583;980
IMG_7806.JPG;622;1035;34;27;656;1062
IMG_7807.JPG;463;401;32;27;495;428
IMG_7807.JPG;584;480;26;26;610;506
IMG_7807.JPG;382;461;29;27;411;488
IMG_7807.JPG;281;520;31;33;312;553
IMG_7807.JPG;212;299;32;30;244;329
IMG_7808.JPG;413;470;29;21;442;491
IMG_7808.JPG;657;622;25;27;682;649
IMG_7808.JPG;645;761;26;29;671;790
IMG_7808.JPG;477;1045;31;31;508;1076
IMG_7809.JPG;519;399;26;31;545;430
IMG_7809.JPG;594;379;32;27;626;406
IMG_7809.JPG;522;522;36;30;558;552
IMG_7809.JPG;398;916;34;33;432;949
IMG_7809.JPG;608;784;31;29;639;813
IMG_7810.JPG;480;815;34;30;514;845
IMG_7810.JPG;627;858;31;26;658;884
IMG_7810.JPG;303;927;35;28;338;955
IMG_7810.JPG;311;1125;36;36;347;1161
IMG_7815.JPG;387;658;33;34;420;692
IMG_7815.JPG;491;640;31;27;522;667
IMG_7815.JPG;311;818;36;31;347;849
IMG_7815.JPG;349;893;33;32;382;925
IMG_7816.JPG;441;344;35;25;476;369
IMG_7816.JPG;430;426;30;28;460;454
IMG_7816.JPG;355;508;27;28;382;536
IMG_7816.JPG;386;574;31;28;417;602
IMG_7816.JPG;270;578;39;21;309;599
IMG_7817.JPG;332;461;30;27;362;488
IMG_7817.JPG;726;453;32;28;758;481
IMG_7817.JPG;630;545;34;29;664;574
IMG_7817.JPG;757;806;38;29;795;835
IMG_7817.JPG;298;644;32;27;330;671
IMG_7818.JPG;582;198;29;32;611;230
IMG_7818.JPG;353;116;26;27;379;143
IMG_7818.JPG;182;148;29;29;211;177
IMG_7818.JPG;409;556;34;28;443;584
IMG_7819.JPG;411;639;32;26;443;665
IMG_7819.JPG;439;819;30;34;469;853
IMG_7819.JPG;496;617;32;29;528;646
IMG_7819.JPG;624;638;32;31;656;669
IMG_7819.JPG;653;765;32;37;685;802
IMG_7820.JPG;350;382;31;31;381;413
IMG_7820.JPG;236;623;25;30;261;653
IMG_7820.JPG;191;712;28;33;219;745
IMG_7820.JPG;386;698;30;31;416;729
IMG_7820.JPG;445;862;41;31;486;893
IMG_7821.JPG;344;676;32;29;376;705
IMG_7821.JPG;264;662;28;27;292;689
IMG_7821.JPG;332;767;31;29;363;796
IMG_7821.JPG;441;715;24;26;465;741
IMG_7821.JPG;410;751;34;32;444;783
IMG_7824.JPG;475;266;38;36;513;302
IMG_7824.JPG;435;375;33;35;468;410
IMG_7824.JPG;627;463;35;27;662;490
IMG_7824.JPG;456;659;32;30;488;689
IMG_7824.JPG;411;756;37;34;448;790
IMG_7825.JPG;165;992;31;30;196;1022
IMG_7825.JPG;162;492;25;27;187;519
IMG_7826.JPG;515;512;34;29;549;541
IMG_7826.JPG;216;719;34;35;250;754
IMG_7827.JPG;431;637;31;30;462;667
IMG_7827.JPG;488;673;34;29;522;702
IMG_7827.JPG;395;722;30;33;425;755
IMG_7827.JPG;535;733;33;28;568;761
IMG_7827.JPG;583;828;36;32;619;860
IMG_7829.JPG;450;1108;39;28;489;1136
IMG_7829.JPG;497;1237;34;20;531;1257
IMG_7829.JPG;592;1232;29;23;621;1255
IMG_7831.JPG;379;431;33;29;412;460
IMG_7831.JPG;244;482;28;28;272;510
IMG_7831.JPG;281;606;33;35;314;641
IMG_7831.JPG;187;679;31;38;218;717
IMG_7831.JPG;318;404;25;30;343;434
IMG_7832.JPG;238;319;29;30;267;349
IMG_7832.JPG;365;358;33;30;398;388
IMG_7832.JPG;456;546;26;26;482;572
IMG_7832.JPG;358;602;29;25;387;627
IMG_7832.JPG;197;565;32;32;229;597
IMG_7833.JPG;326;566;27;27;353;593
IMG_7833.JPG;652;807;33;31;685;838
IMG_7833.JPG;624;1029;32;28;656;1057
IMG_7833.JPG;732;987;29;33;761;1020
IMG_7833.JPG;630;1092;31;29;661;1121
IMG_7834.JPG;320;562;35;29;355;591
IMG_7834.JPG;253;704;33;31;286;735
IMG_7834.JPG;232;494;30;29;262;523
IMG_7834.JPG;583;865;29;29;612;894
IMG_7834.JPG;310;975;33;29;343;1004
IMG_7835.JPG;474;293;29;27;503;320
IMG_7835.JPG;427;693;31;35;458;728
IMG_7835.JPG;271;994;33;33;304;1027
IMG_7836.JPG;453;181;31;27;484;208
IMG_7836.JPG;350;73;30;32;380;105
IMG_7836.JPG;500;620;35;28;535;648
IMG_7836.JPG;457;678;31;33;488;711
IMG_7836.JPG;473;707;32;27;505;734
IMG_7837.JPG;521;687;34;35;555;722
IMG_7837.JPG;507;797;31;32;538;829
IMG_7837.JPG;638;633;32;29;670;662
IMG_7837.JPG;619;551;29;33;648;584
IMG_7838.JPG;528;802;29;29;557;831
IMG_7838.JPG;443;1124;27;27;470;1151
IMG_7839.JPG;396;806;26;30;422;836
IMG_7839.JPG;625;1019;33;33;658;1052
IMG_7839.JPG;555;1175;38;27;593;1202
IMG_7840.JPG;280;404;29;28;309;432
IMG_7840.JPG;373;632;28;26;401;658
IMG_7840.JPG;206;686;33;30;239;716
IMG_7840.JPG;299;1201;29;22;328;1223
IMG_7841.JPG;544;927;30;30;574;957
IMG_7841.JPG;575;362;33;30;608;392
IMG_7842.JPG;319;1132;33;31;352;1163
IMG_7843.JPG;357;838;26;29;383;867
IMG_7843.JPG;780;1118;27;28;807;1146
IMG_7845.JPG;480;418;32;31;512;449
IMG_7845.JPG;239;418;29;26;268;444
IMG_7845.JPG;265;423;26;30;291;453
IMG_7845.JPG;277;557;28;32;305;589
IMG_7845.JPG;213;740;32;32;245;772
IMG_7846.JPG;289;245;33;27;322;272
IMG_7846.JPG;195;241;29;25;224;266
IMG_7846.JPG;252;278;31;26;283;304
IMG_7846.JPG;200;733;33;30;233;763
IMG_7847.JPG;304;693;34;28;338;721
IMG_7847.JPG;349;763;31;33;380;796
IMG_7848.JPG;419;727;31;30;450;757
IMG_7848.JPG;290;824;33;32;323;856
IMG_7848.JPG;339;908;35;30;374;938
IMG_7848.JPG;195;1002;28;30;223;1032
IMG_7848.JPG;263;588;25;26;288;614
IMG_7850.JPG;270;366;26;27;296;393
IMG_7850.JPG;478;505;32;29;510;534
IMG_7850.JPG;443;689;38;29;481;718
IMG_7850.JPG;393;827;33;31;426;858
IMG_7850.JPG;391;876;34;35;425;911
IMG_7259.JPG;510;384;25;26;535;410
IMG_7259.JPG;535;374;23;28;558;402
IMG_7259.JPG;486;497;39;35;525;532
IMG_7259.JPG;319;514;34;34;353;548
IMG_7259.JPG;376;823;31;33;407;856
IMG_7260.JPG;27;1228;31;33;58;1261
IMG_7261.JPG;661;748;33;34;694;782
IMG_7261.JPG;583;891;41;33;624;924
IMG_7261.JPG;751;866;36;31;787;897
IMG_7261.JPG;553;1071;33;34;586;1105
IMG_7261.JPG;511;1091;30;29;541;1120
IMG_7262.JPG;771;570;35;35;806;605
IMG_7264.JPG;401;372;32;27;433;399
IMG_7264.JPG;502;403;39;32;541;435
IMG_7264.JPG;579;543;33;34;612;577
IMG_7264.JPG;466;575;34;32;500;607
IMG_7264.JPG;303;741;32;34;335;775
IMG_7265.JPG;648;374;30;29;678;403
IMG_7265.JPG;562;588;32;32;594;620
IMG_7265.JPG;491;712;24;31;515;743
IMG_7265.JPG;506;738;22;21;528;759
IMG_7266.JPG;140;337;31;34;171;371
IMG_7266.JPG;362;308;31;31;393;339
IMG_7266.JPG;303;494;34;34;337;528
IMG_7266.JPG;265;533;30;32;295;565
IMG_7266.JPG;391;913;31;34;422;947
IMG_7267.JPG;462;681;31;29;493;710
IMG_7267.JPG;493;858;37;34;530;892
IMG_7267.JPG;262;898;29;33;291;931
IMG_7268.JPG;305;522;29;33;334;555
IMG_7268.JPG;239;737;33;30;272;767
IMG_7268.JPG;184;795;31;31;215;826
IMG_7268.JPG;154;792;31;29;185;821
IMG_7268.JPG;181;928;38;34;219;962
IMG_7269.JPG;302;141;30;31;332;172
IMG_7270.JPG;156;434;31;32;187;466
IMG_7270.JPG;260;465;35;28;295;493
IMG_7270.JPG;394;487;38;29;432;516
IMG_7270.JPG;278;545;29;27;307;572
IMG_7272.JPG;389;150;30;29;419;179
IMG_7272.JPG;382;187;32;27;414;214
IMG_7273.JPG;415;488;33;34;448;522
IMG_7273.JPG;569;546;39;31;608;577
IMG_7273.JPG;487;566;36;31;523;597
IMG_7273.JPG;459;590;32;22;491;612
IMG_7273.JPG;463;612;34;27;497;639
IMG_7274.JPG;424;543;35;32;459;575
IMG_7274.JPG;422;742;33;33;455;775
IMG_7274.JPG;385;661;31;32;416;693
IMG_7274.JPG;194;768;36;27;230;795
IMG_7274.JPG;333;1034;34;37;367;1071
IMG_7276.JPG;395;430;35;33;430;463
IMG_7276.JPG;378;623;35;32;413;655
IMG_7276.JPG;284;806;35;30;319;836
IMG_7276.JPG;357;949;32;32;389;981
IMG_7276.JPG;377;588;29;28;406;616
IMG_7279.JPG;522;680;32;31;554;711
IMG_7279.JPG;626;765;33;29;659;794
IMG_7279.JPG;772;904;29;33;801;937
IMG_7279.JPG;437;1081;31;30;468;1111
IMG_7280.JPG;470;860;33;31;503;891
IMG_7280.JPG;408;1101;33;37;441;1138
IMG_7280.JPG;371;865;31;37;402;902
IMG_7280.JPG;203;917;32;37;235;954
IMG_7280.JPG;123;993;33;35;156;1028
IMG_7282.JPG;508;775;27;34;535;809
IMG_7282.JPG;474;774;32;32;506;806
IMG_7282.JPG;415;927;35;30;450;957
IMG_7282.JPG;308;911;34;32;342;943
IMG_7282.JPG;223;922;37;33;260;955
IMG_7283.JPG;265;1281;33;35;298;1316
IMG_7283.JPG;137;965;32;32;169;997
IMG_7283.JPG;458;849;38;30;496;879
IMG_7283.JPG;421;683;30;32;451;715
IMG_7283.JPG;619;361;32;32;651;393
IMG_7284.JPG;577;841;34;31;611;872
IMG_7284.JPG;685;1054;38;33;723;1087
IMG_7284.JPG;306;1177;37;34;343;1211
IMG_7284.JPG;171;1162;33;36;204;1198
IMG_7284.JPG;509;1247;38;34;547;1281
IMG_7285.JPG;346;387;32;38;378;425
IMG_7285.JPG;427;713;34;37;461;750
IMG_7285.JPG;361;835;35;34;396;869
IMG_7285.JPG;396;1019;37;35;433;1054
IMG_7286.JPG;358;992;32;37;390;1029
IMG_7287.JPG;544;689;32;31;576;720
IMG_7287.JPG;461;848;34;32;495;880
IMG_7287.JPG;284;770;33;35;317;805
IMG_7287.JPG;444;597;29;27;473;624
IMG_7288.JPG;386;324;29;31;415;355
IMG_7288.JPG;397;382;33;35;430;417
IMG_7288.JPG;349;391;36;32;385;423
IMG_7288.JPG;330;510;34;32;364;542
IMG_7288.JPG;693;919;34;33;727;952
IMG_7290.JPG;565;1028;41;27;606;1055
IMG_7290.JPG;423;1110;34;34;457;1144
IMG_7290.JPG;850;1024;33;29;883;1053
IMG_7290.JPG;747;939;32;31;779;970
IMG_7290.JPG;624;641;34;22;658;663
IMG_7291.JPG;170;129;35;34;205;163
IMG_7291.JPG;484;724;41;31;525;755
IMG_7292.JPG;542;621;29;30;571;651
IMG_7292.JPG;442;447;31;32;473;479
IMG_7292.JPG;394;379;30;31;424;410
IMG_7292.JPG;520;489;32;31;552;520
IMG_7292.JPG;517;525;33;28;550;553
IMG_7294.JPG;510;470;38;31;548;501
IMG_7294.JPG;289;564;34;31;323;595
IMG_7294.JPG;310;797;33;30;343;827
IMG_7294.JPG;44;694;36;29;80;723
IMG_7294.JPG;223;1020;37;31;260;1051
IMG_7295.JPG;456;958;36;33;492;991
IMG_7297.JPG;252;309;32;30;284;339
IMG_7297.JPG;179;146;38;32;217;178
IMG_7297.JPG;188;79;36;33;224;112
IMG_7298.JPG;543;541;27;31;570;572
IMG_7298.JPG;507;568;35;32;542;600
IMG_7298.JPG;547;651;38;32;585;683
IMG_7298.JPG;540;752;36;32;576;784
IMG_7298.JPG;506;1086;41;40;547;1126
IMG_7299.JPG;303;866;31;33;334;899
IMG_7299.JPG;367;753;35;30;402;783
IMG_7299.JPG;399;807;34;29;433;836
IMG_7299.JPG;434;844;30;31;464;875
IMG_7299.JPG;378;1053;35;32;413;1085
IMG_7300.JPG;117;203;35;32;152;235
IMG_7300.JPG;369;229;33;31;402;260
IMG_7300.JPG;420;212;31;29;451;241
IMG_7300.JPG;477;279;31;35;508;314
IMG_7300.JPG;187;451;36;30;223;481
IMG_7301.JPG;562;690;39;32;601;722
IMG_7301.JPG;661;905;33;31;694;936
IMG_7301.JPG;449;965;32;36;481;1001
IMG_7301.JPG;680;823;24;34;704;857
IMG_7301.JPG;654;820;26;30;680;850
IMG_7302.JPG;271;466;33;28;304;494
IMG_7302.JPG;414;482;33;31;447;513
IMG_7302.JPG;555;446;33;31;588;477
IMG_7302.JPG;417;516;29;28;446;544
IMG_7302.JPG;452;536;37;33;489;569
IMG_7303.JPG;286;968;31;34;317;1002
IMG_7303.JPG;211;972;34;29;245;1001
IMG_7303.JPG;282;1166;38;32;320;1198
IMG_7303.JPG;587;1198;39;30;626;1228
IMG_7304.JPG;277;166;30;33;307;199
IMG_7304.JPG;855;1237;37;34;892;1271
IMG_7307.JPG;478;764;36;34;514;798
IMG_7307.JPG;424;805;34;32;458;837
IMG_7307.JPG;228;795;34;32;262;827
IMG_7307.JPG;231;931;39;31;270;962
IMG_7307.JPG;240;1251;40;32;280;1283
IMG_7308.JPG;613;583;35;26;648;609
IMG_7308.JPG;509;572;31;26;540;598
IMG_7308.JPG;502;844;29;28;531;872
IMG_7308.JPG;506;873;30;26;536;899
IMG_7308.JPG;869;601;30;38;899;639
IMG_7309.JPG;304;806;32;33;336;839
IMG_7309.JPG;286;685;28;35;314;720
IMG_7309.JPG;377;769;36;30;413;799
IMG_7309.JPG;389;932;30;30;419;962
IMG_7309.JPG;403;991;35;32;438;1023
IMG_7310.JPG;507;669;30;30;537;699
IMG_7311.JPG;330;842;34;28;364;870
IMG_7311.JPG;531;801;34;30;565;831
IMG_7311.JPG;524;856;32;34;556;890
IMG_7311.JPG;471;620;34;32;505;652
IMG_7311.JPG;172;1156;33;40;205;1196
IMG_7312.JPG;422;717;35;35;457;752
IMG_7312.JPG;400;1196;33;34;433;1230
IMG_7312.JPG;340;1248;37;32;377;1280
IMG_7313.JPG;381;442;37;30;418;472
IMG_7313.JPG;270;505;34;33;304;538
IMG_7313.JPG;524;489;36;30;560;519
IMG_7313.JPG;627;682;30;31;657;713
IMG_7313.JPG;683;763;38;32;721;795
IMG_7314.JPG;404;477;33;34;437;511
IMG_7314.JPG;308;735;29;36;337;771
IMG_7314.JPG;359;909;33;35;392;944
IMG_7314.JPG;473;1031;39;37;512;1068
IMG_7314.JPG;373;595;34;33;407;628
IMG_7315.JPG;487;891;37;32;524;923
IMG_7315.JPG;282;1158;38;33;320;1191
IMG_7315.JPG;399;674;32;30;431;704
IMG_7315.JPG;311;570;35;32;346;602
IMG_7315.JPG;207;660;37;27;244;687
IMG_7316.JPG;379;929;33;32;412;961
IMG_7316.JPG;453;979;39;33;492;1012
IMG_7316.JPG;396;1123;40;33;436;1156
IMG_7316.JPG;351;1174;33;34;384;1208
IMG_7316.JPG;356;1294;33;34;389;1328
IMG_7317.JPG;325;378;30;34;355;412
IMG_7317.JPG;268;515;32;34;300;549
IMG_7317.JPG;322;536;33;33;355;569
IMG_7317.JPG;241;1015;35;34;276;1049
IMG_7317.JPG;232;816;38;36;270;852
IMG_7318.JPG;411;465;36;30;447;495
IMG_7318.JPG;235;325;33;36;268;361
IMG_7318.JPG;153;464;31;31;184;495
IMG_7318.JPG;233;538;34;35;267;573
IMG_7318.JPG;181;499;33;31;214;530
IMG_7319.JPG;54;863;33;34;87;897
IMG_7320.JPG;181;741;30;35;211;776
IMG_7320.JPG;138;543;34;35;172;578
IMG_7320.JPG;178;379;33;34;211;413
IMG_7320.JPG;249;736;37;35;286;771
IMG_7320.JPG;318;641;37;33;355;674
IMG_7321.JPG;145;285;33;34;178;319
IMG_7321.JPG;575;944;36;31;611;975
IMG_7321.JPG;374;1017;32;35;406;1052
IMG_7321.JPG;663;677;32;32;695;709
IMG_7322.JPG;280;944;34;29;314;973
IMG_7322.JPG;639;969;35;30;674;999
IMG_7323.JPG;252;890;31;30;283;920
IMG_7323.JPG;490;879;36;31;526;910
IMG_7323.JPG;573;877;35;32;608;909
IMG_7323.JPG;467;1254;35;33;502;1287
IMG_7323.JPG;81;1264;37;33;118;1297
IMG_7324.JPG;119;186;32;31;151;217
IMG_7325.JPG;586;755;32;29;618;784
IMG_7325.JPG;674;768;32;28;706;796
IMG_7325.JPG;817;581;31;36;848;617
IMG_7326.JPG;384;360;31;36;415;396
IMG_7326.JPG;361;510;33;33;394;543
IMG_7326.JPG;302;528;32;31;334;559
IMG_7326.JPG;414;622;34;31;448;653
IMG_7326.JPG;189;678;35;35;224;713
IMG_7329.JPG;490;200;28;31;518;231
IMG_7329.JPG;461;322;31;33;492;355
IMG_7329.JPG;516;200;27;30;543;230
IMG_7330.JPG;527;714;29;35;556;749
IMG_7330.JPG;463;759;34;34;497;793
IMG_7330.JPG;348;796;37;30;385;826
IMG_7330.JPG;470;631;38;29;508;660
IMG_7330.JPG;362;563;37;31;399;594
IMG_7331.JPG;243;255;31;33;274;288
IMG_7331.JPG;622;327;37;29;659;356
IMG_7331.JPG;414;558;31;30;445;588
IMG_7332.JPG;474;586;37;30;511;616
IMG_7332.JPG;546;630;37;30;583;660
IMG_7332.JPG;341;613;36;32;377;645
IMG_7333.JPG;304;645;32;26;336;671
IMG_7333.JPG;361;873;31;35;392;908
IMG_7333.JPG;381;1021;38;30;419;1051
IMG_7333.JPG;277;1028;39;30;316;1058
IMG_7333.JPG;302;1086;35;33;337;1119
IMG_7335.JPG;384;211;31;32;415;243
IMG_7335.JPG;438;524;34;26;472;550
IMG_7335.JPG;469;563;36;31;505;594
IMG_7335.JPG;533;1054;36;34;569;1088
IMG_7336.JPG;480;394;32;30;512;424
IMG_7336.JPG;420;500;35;28;455;528
IMG_7336.JPG;613;558;38;30;651;588
IMG_7336.JPG;380;695;48;36;428;731
IMG_7338.JPG;378;495;37;31;415;526
IMG_7338.JPG;486;694;34;34;520;728
IMG_7338.JPG;392;718;31;32;423;750
IMG_7338.JPG;451;984;32;30;483;1014
IMG_7338.JPG;690;941;37;37;727;978
IMG_7339.JPG;478;844;31;30;509;874
IMG_7339.JPG;386;977;35;35;421;1012
IMG_7339.JPG;612;966;38;36;650;1002
IMG_7339.JPG;412;1184;33;34;445;1218
IMG_7339.JPG;111;733;28;33;139;766
IMG_7341.JPG;335;645;26;30;361;675
IMG_7341.JPG;338;722;32;28;370;750
IMG_7341.JPG;388;803;33;30;421;833
IMG_7341.JPG;476;661;33;29;509;690
IMG_7341.JPG;443;639;34;32;477;671
IMG_7342.JPG;302;300;25;23;327;323
IMG_7342.JPG;305;663;28;27;333;690
IMG_7342.JPG;269;818;35;29;304;847
IMG_7342.JPG;311;858;35;32;346;890
IMG_7342.JPG;434;874;35;37;469;911
IMG_7343.JPG;337;415;32;36;369;451
IMG_7343.JPG;527;845;33;32;560;877
IMG_7343.JPG;488;946;37;39;525;985
IMG_7343.JPG;576;1128;35;34;611;1162
IMG_7343.JPG;597;671;30;28;627;699
IMG_7344.JPG;257;749;33;35;290;784
IMG_7344.JPG;243;857;39;33;282;890
IMG_7344.JPG;360;812;39;32;399;844
IMG_7344.JPG;416;798;38;34;454;832
IMG_7344.JPG;354;889;40;35;394;924
IMG_7348.JPG;150;202;31;36;181;238
IMG_7351.JPG;307;642;31;30;338;672
IMG_7351.JPG;345;718;29;32;374;750
IMG_7351.JPG;311;745;32;37;343;782
IMG_7352.JPG;482;629;29;28;511;657
IMG_7352.JPG;486;671;31;32;517;703
IMG_7352.JPG;463;769;31;31;494;800
IMG_7352.JPG;470;858;33;30;503;888
IMG_7352.JPG;592;840;34;33;626;873
IMG_7354.JPG;478;957;32;30;510;987
IMG_7354.JPG;723;702;28;29;751;731
IMG_7355.JPG;375;408;29;30;404;438
IMG_7355.JPG;489;496;35;29;524;525
IMG_7355.JPG;526;559;33;34;559;593
IMG_7355.JPG;345;443;34;33;379;476
IMG_7355.JPG;253;438;28;29;281;467
IMG_7356.JPG;477;508;28;34;505;542
IMG_7356.JPG;558;555;34;31;592;586
IMG_7356.JPG;393;699;34;29;427;728
IMG_7356.JPG;533;805;33;33;566;838
IMG_7358.JPG;522;341;29;27;551;368
IMG_7358.JPG;649;486;30;33;679;519
IMG_7358.JPG;577;653;28;32;605;685
IMG_7358.JPG;442;1230;36;32;478;1262
IMG_7358.JPG;262;707;28;31;290;738
IMG_7359.JPG;650;850;30;31;680;881
IMG_7359.JPG;366;948;33;29;399;977
IMG_7359.JPG;270;897;34;34;304;931
IMG_7359.JPG;169;1203;36;31;205;1234
IMG_7361.JPG;478;813;34;31;512;844
IMG_7361.JPG;440;1026;31;29;471;1055
IMG_7361.JPG;560;1079;31;29;591;1108
IMG_7361.JPG;554;1120;29;31;583;1151
IMG_7361.JPG;28;1115;32;33;60;1148
IMG_7362.JPG;478;73;27;26;505;99
IMG_7362.JPG;648;415;30;31;678;446
IMG_7362.JPG;639;536;26;31;665;567
IMG_7362.JPG;538;700;29;31;567;731
IMG_7362.JPG;322;808;31;32;353;840
IMG_6974.JPG;512;24;39;29;551;53
IMG_6974.JPG;347;266;34;28;381;294
IMG_6974.JPG;298;623;36;30;334;653
IMG_6974.JPG;332;706;44;34;376;740
IMG_6975.JPG;402;384;31;31;433;415
IMG_6975.JPG;416;777;33;36;449;813
IMG_6975.JPG;229;789;42;30;271;819
IMG_6975.JPG;361;827;38;38;399;865
IMG_6975.JPG;414;988;40;33;454;1021
IMG_6976.JPG;403;810;44;36;447;846
IMG_6976.JPG;652;889;46;35;698;924
IMG_6976.JPG;409;974;48;39;457;1013
IMG_6976.JPG;354;977;44;35;398;1012
IMG_6976.JPG;342;1013;47;32;389;1045
IMG_6977.JPG;534;508;44;33;578;541
IMG_6977.JPG;362;664;40;33;402;697
IMG_6977.JPG;615;1063;46;38;661;1101
IMG_6978.JPG;225;774;34;33;259;807
IMG_6978.JPG;373;881;39;38;412;919
IMG_6978.JPG;24;910;46;35;70;945
IMG_6979.JPG;435;815;45;37;480;852
IMG_6979.JPG;312;953;44;38;356;991
IMG_6979.JPG;764;1114;39;35;803;1149
IMG_6980.JPG;469;222;41;35;510;257
IMG_6980.JPG;627;757;45;36;672;793
IMG_6980.JPG;736;874;45;37;781;911
IMG_6980.JPG;574;961;46;35;620;996
IMG_6981.JPG;385;467;44;34;429;501
IMG_6981.JPG;525;506;44;33;569;539
IMG_6981.JPG;512;766;41;34;553;800
IMG_6981.JPG;505;870;46;36;551;906
IMG_6981.JPG;517;907;46;35;563;942
IMG_6985.JPG;496;557;48;31;544;588
IMG_6985.JPG;552;622;41;31;593;653
IMG_6985.JPG;518;787;43;32;561;819
IMG_6985.JPG;340;803;45;38;385;841
IMG_6985.JPG;370;250;35;32;405;282
IMG_6986.JPG;522;549;41;32;563;581
IMG_6986.JPG;503;597;44;32;547;629
IMG_6986.JPG;672;649;43;32;715;681
IMG_6986.JPG;534;774;45;32;579;806
IMG_6986.JPG;109;811;42;28;151;839
IMG_6988.JPG;853;579;39;30;892;609
IMG_6988.JPG;707;606;36;30;743;636
IMG_6988.JPG;720;659;43;31;763;690
IMG_6988.JPG;687;726;50;33;737;759
IMG_6988.JPG;599;789;42;35;641;824
IMG_6989.JPG;784;425;30;30;814;455
IMG_6989.JPG;347;656;32;35;379;691
IMG_6989.JPG;145;698;41;28;186;726
IMG_6989.JPG;460;854;38;27;498;881
IMG_6990.JPG;855;277;33;35;888;312
IMG_6990.JPG;867;427;29;47;896;474
IMG_6992.JPG;811;684;33;37;844;721
IMG_6992.JPG;554;907;40;31;594;938
IMG_6992.JPG;752;971;39;34;791;1005
IMG_6995.JPG;488;734;41;38;529;772
IMG_6995.JPG;503;773;44;38;547;811
IMG_6995.JPG;318;900;49;41;367;941
IMG_6995.JPG;477;877;51;39;528;916
IMG_6995.JPG;593;1024;51;41;644;1065
IMG_6996.JPG;323;180;39;31;362;211
IMG_6996.JPG;468;413;35;29;503;442
IMG_6996.JPG;480;502;42;40;522;542
IMG_6996.JPG;279;507;42;31;321;538
IMG_6996.JPG;304;737;41;33;345;770
IMG_6997.JPG;80;487;40;33;120;520
IMG_6998.JPG;557;779;50;44;607;823
IMG_6998.JPG;352;1129;44;37;396;1166
IMG_7001.JPG;361;86;43;35;404;121
IMG_7001.JPG;182;128;37;26;219;154
IMG_7001.JPG;561;746;54;53;615;799
IMG_7002.JPG;120;313;46;33;166;346
IMG_7002.JPG;602;423;43;38;645;461
IMG_7002.JPG;248;940;41;34;289;974
IMG_7002.JPG;216;970;44;34;260;1004
IMG_7002.JPG;240;1078;37;34;277;1112
IMG_7003.JPG;321;480;51;34;372;514
IMG_7003.JPG;515;568;48;43;563;611
IMG_7003.JPG;474;707;41;40;515;747
IMG_7003.JPG;422;734;40;35;462;769
IMG_7003.JPG;320;823;43;33;363;856
IMG_7004.JPG;481;832;50;39;531;871
IMG_7004.JPG;723;797;52;42;775;839
IMG_7004.JPG;740;990;48;33;788;1023
IMG_7004.JPG;589;1086;55;43;644;1129
IMG_7006.JPG;847;375;40;34;887;409
IMG_7006.JPG;677;474;40;35;717;509
IMG_7006.JPG;462;641;42;36;504;677
IMG_7007.JPG;258;298;46;36;304;334
IMG_7007.JPG;323;601;45;35;368;636
IMG_7007.JPG;251;647;46;37;297;684
IMG_7007.JPG;285;741;43;34;328;775
IMG_7007.JPG;419;814;45;31;464;845
IMG_7008.JPG;165;586;42;32;207;618
IMG_7008.JPG;417;799;41;36;458;835
IMG_7008.JPG;618;958;47;39;665;997
IMG_7008.JPG;259;969;47;41;306;1010
IMG_7009.JPG;278;731;45;35;323;766
IMG_7009.JPG;503;917;40;39;543;956
IMG_7009.JPG;468;957;35;34;503;991
IMG_7009.JPG;596;1059;38;34;634;1093
IMG_7009.JPG;630;1160;35;39;665;1199
IMG_7011.JPG;439;437;39;39;478;476
IMG_7011.JPG;378;813;47;37;425;850
IMG_7011.JPG;259;621;41;37;300;658
IMG_7011.JPG;422;591;40;33;462;624
IMG_7011.JPG;521;574;42;35;563;609
IMG_7012.JPG;778;905;39;39;817;944
IMG_7012.JPG;831;1071;44;28;875;1099
IMG_7013.JPG;403;647;40;33;443;680
IMG_7013.JPG;378;686;40;35;418;721
IMG_7013.JPG;297;703;42;41;339;744
IMG_7013.JPG;375;793;40;36;415;829
IMG_7013.JPG;300;841;42;33;342;874
IMG_7017.JPG;489;681;43;37;532;718
IMG_7017.JPG;412;624;38;36;450;660
IMG_7018.JPG;857;812;35;35;892;847
IMG_7018.JPG;781;1131;40;32;821;1163
IMG_7019.JPG;465;481;40;30;505;511
IMG_7019.JPG;468;535;39;36;507;571
IMG_7019.JPG;433;578;36;36;469;614
IMG_7019.JPG;360;615;39;40;399;655
IMG_7019.JPG;504;779;40;39;544;818
IMG_7020.JPG;242;827;36;39;278;866
IMG_7020.JPG;309;893;41;43;350;936
IMG_7020.JPG;100;1149;43;32;143;1181
IMG_7021.JPG;254;160;42;37;296;197
IMG_7021.JPG;859;730;38;37;897;767
IMG_7021.JPG;644;727;52;43;696;770
IMG_7021.JPG;486;550;47;40;533;590
IMG_7023.JPG;319;1022;42;34;361;1056
IMG_7024.JPG;537;51;40;29;577;80
IMG_7024.JPG;606;111;47;39;653;150
IMG_7024.JPG;804;607;54;45;858;652
IMG_7025.JPG;474;540;42;40;516;580
IMG_7025.JPG;411;845;42;34;453;879
IMG_7025.JPG;312;864;46;41;358;905
IMG_7025.JPG;247;875;41;36;288;911
IMG_7025.JPG;377;964;43;34;420;998
IMG_7026.JPG;491;413;34;38;525;451
IMG_7026.JPG;573;493;38;34;611;527
IMG_7026.JPG;529;716;40;39;569;755
IMG_7026.JPG;765;1116;35;35;800;1151
IMG_7027.JPG;424;50;35;28;459;78
IMG_7027.JPG;362;374;44;33;406;407
IMG_7028.JPG;512;673;45;37;557;710
IMG_7028.JPG;469;574;48;37;517;611
IMG_7028.JPG;375;691;40;32;415;723
IMG_7028.JPG;517;792;38;36;555;828
IMG_7028.JPG;187;792;46;36;233;828
IMG_7030.JPG;487;406;46;39;533;445
IMG_7030.JPG;634;554;44;33;678;587
IMG_7030.JPG;478;673;44;38;522;711
IMG_7030.JPG;535;811;48;42;583;853
IMG_7030.JPG;655;381;39;32;694;413
IMG_7031.JPG;800;557;40;34;840;591
IMG_7031.JPG;327;615;41;32;368;647
IMG_7032.JPG;506;434;47;39;553;473
IMG_7033.JPG;472;260;40;36;512;296
IMG_7035.JPG;424;642;41;35;465;677
IMG_7035.JPG;370;628;32;32;402;660
IMG_7035.JPG;336;654;37;32;373;686
IMG_7035.JPG;397;674;36;33;433;707
IMG_7035.JPG;344;731;43;38;387;769
IMG_7036.JPG;381;750;48;34;429;784
IMG_7036.JPG;425;882;47;34;472;916
IMG_7036.JPG;568;895;42;41;610;936
IMG_7037.JPG;477;340;38;39;515;379
IMG_7037.JPG;432;379;47;37;479;416
IMG_7037.JPG;486;663;48;37;534;700
IMG_7037.JPG;400;655;47;34;447;689
IMG_7037.JPG;395;604;45;27;440;631
IMG_7040.JPG;568;543;37;34;605;577
IMG_7040.JPG;343;519;37;36;380;555
IMG_7040.JPG;511;594;42;33;553;627
IMG_7040.JPG;527;636;39;42;566;678
IMG_7040.JPG;405;1006;52;39;457;1045
IMG_7042.JPG;435;857;43;37;478;894
IMG_7042.JPG;134;895;47;30;181;925
IMG_7042.JPG;296;1044;47;36;343;1080
IMG_7042.JPG;245;1087;42;37;287;1124
IMG_7042.JPG;199;1178;41;31;240;1209
IMG_7043.JPG;438;859;37;37;475;896
IMG_7043.JPG;128;899;45;31;173;930
IMG_7043.JPG;293;1051;40;35;333;1086
IMG_7043.JPG;238;1101;41;31;279;1132
IMG_7043.JPG;197;1189;41;31;238;1220
IMG_7044.JPG;332;850;43;41;375;891
IMG_7044.JPG;198;838;36;36;234;874
IMG_7044.JPG;94;1130;41;30;135;1160
IMG_7046.JPG;754;1063;34;30;788;1093
IMG_7049.JPG;442;950;41;34;483;984
IMG_7049.JPG;301;1048;31;36;332;1084
IMG_7049.JPG;339;1049;35;41;374;1090
IMG_7049.JPG;92;1068;50;35;142;1103
IMG_7051.JPG;736;867;39;35;775;902
IMG_7051.JPG;701;809;48;35;749;844
IMG_7051.JPG;737;616;48;39;785;655
IMG_7051.JPG;724;1124;38;38;762;1162
IMG_7052.JPG;781;280;40;35;821;315
IMG_7052.JPG;427;277;38;32;465;309
IMG_7052.JPG;240;296;46;36;286;332
IMG_7052.JPG;15;630;43;35;58;665
IMG_7054.JPG;290;202;38;36;328;238
IMG_7055.JPG;356;261;40;33;396;294
IMG_7055.JPG;443;357;48;35;491;392
IMG_7055.JPG;386;432;42;30;428;462
IMG_7055.JPG;436;443;30;40;466;483
IMG_7056.JPG;187;859;33;29;220;888
IMG_7056.JPG;280;1025;34;35;314;1060
IMG_7056.JPG;411;1150;38;35;449;1185
IMG_7058.JPG;326;307;39;34;365;341
IMG_7058.JPG;660;827;38;44;698;871
IMG_7058.JPG;664;1032;42;38;706;1070
IMG_7059.JPG;204;514;33;30;237;544
IMG_7059.JPG;438;845;36;39;474;884
IMG_7059.JPG;508;1159;47;37;555;1196
IMG_7061.JPG;979;1758;134;120;1113;1878
IMG_7061.JPG;692;2146;127;94;819;2240
IMG_7061.JPG;540;2323;120;94;660;2417
IMG_7061.JPG;127;2287;116;87;243;2374
IMG_7062.JPG;1801;1959;128;113;1929;2072
IMG_7062.JPG;2061;1472;132;121;2193;1593
IMG_7062.JPG;776;1395;154;106;930;1501
IMG_7064.JPG;1464;680;134;116;1598;796
IMG_7064.JPG;2006;1435;112;87;2118;1522
IMG_7064.JPG;1984;1580;108;87;2092;1667
IMG_7064.JPG;1533;1540;130;98;1663;1638
IMG_7064.JPG;1117;1655;94;87;1211;1742
IMG_7065.JPG;1395;1269;100;108;1495;1377
IMG_7065.JPG;1829;1215;111;90;1940;1305
IMG_7065.JPG;1771;1323;125;90;1896;1413
IMG_7065.JPG;1230;1717;125;79;1355;1796
IMG_7065.JPG;1961;2320;129;115;2090;2435
IMG_7066.JPG;1969;1349;115;90;2084;1439
IMG_7066.JPG;1626;1666;137;112;1763;1778
IMG_7066.JPG;1179;2030;148;94;1327;2124
IMG_7066.JPG;1879;2026;148;108;2027;2134
IMG_7066.JPG;1489;2712;105;83;1594;2795
IMG_7067.JPG;415;324;37;31;452;355
IMG_7067.JPG;677;738;40;37;717;775
IMG_7067.JPG;213;692;47;41;260;733
IMG_7067.JPG;421;845;41;34;462;879
IMG_7067.JPG;470;855;35;45;505;900
IMG_7068.JPG;476;200;38;30;514;230
IMG_7068.JPG;213;480;41;35;254;515
IMG_7068.JPG;519;953;41;38;560;991
IMG_7069.JPG;503;476;45;37;548;513
IMG_7069.JPG;124;885;52;34;176;919
IMG_7070.JPG;323;621;45;35;368;656
IMG_7070.JPG;212;906;49;41;261;947
IMG_7070.JPG;213;1097;49;32;262;1129
IMG_7070.JPG;229;1180;38;37;267;1217
IMG_7071.JPG;722;1023;47;35;769;1058
IMG_7072.JPG;752;967;37;37;789;1004
IMG_7073.JPG;833;607;45;44;878;651
IMG_7073.JPG;430;1061;50;36;480;1097
IMG_7073.JPG;386;1133;52;30;438;1163
IMG_7073.JPG;309;530;45;39;354;569
IMG_7074.JPG;272;864;53;44;325;908
IMG_7074.JPG;132;1078;44;30;176;1108
IMG_7074.JPG;200;1115;36;38;236;1153
IMG_7074.JPG;263;1129;39;39;302;1168
IMG_7075.JPG;526;589;41;30;567;619
IMG_7075.JPG;819;63;36;31;855;94
IMG_7077.JPG;398;580;41;29;439;609
IMG_7078.JPG;330;983;44;33;374;1016
IMG_7078.JPG;680;1070;48;44;728;1114
IMG_7081.JPG;258;304;47;33;305;337
IMG_7081.JPG;440;571;39;32;479;603
IMG_7081.JPG;418;944;49;32;467;976
IMG_7081.JPG;402;976;38;43;440;1019
IMG_7081.JPG;647;943;44;42;691;985
IMG_7085.JPG;472;418;37;29;509;447
IMG_7085.JPG;374;692;32;28;406;720
IMG_7085.JPG;403;861;38;34;441;895
IMG_7085.JPG;248;986;36;32;284;1018
IMG_7086.JPG;451;530;39;34;490;564
IMG_7086.JPG;433;693;45;34;478;727
IMG_7086.JPG;430;760;38;31;468;791
IMG_7086.JPG;392;949;39;27;431;976
IMG_7087.JPG;314;47;38;29;352;76
IMG_7087.JPG;769;377;32;28;801;405
IMG_7087.JPG;489;456;38;34;527;490
IMG_7089.JPG;338;563;34;34;372;597
IMG_7089.JPG;91;612;34;31;125;643
IMG_7089.JPG;311;1068;41;29;352;1097
IMG_7089.JPG;162;987;39;28;201;1015
IMG_7090.JPG;393;70;43;31;436;101
IMG_7090.JPG;396;100;44;26;440;126
IMG_7090.JPG;120;476;32;26;152;502
IMG_7091.JPG;355;622;45;28;400;650
IMG_7091.JPG;293;745;38;36;331;781
IMG_7091.JPG;541;791;37;38;578;829
IMG_7091.JPG;448;1035;36;39;484;1074
IMG_7096.JPG;549;293;32;25;581;318
IMG_7096.JPG;221;852;36;27;257;879
IMG_7096.JPG;451;979;30;30;481;1009
IMG_7096.JPG;252;1151;26;30;278;1181
IMG_7097.JPG;352;315;33;27;385;342
IMG_7097.JPG;636;652;27;31;663;683
IMG_7097.JPG;422;788;39;32;461;820
IMG_7099.JPG;227;444;37;37;264;481
IMG_7099.JPG;406;471;33;27;439;498
IMG_7099.JPG;510;644;37;37;547;681
IMG_7099.JPG;529;804;32;35;561;839
IMG_7099.JPG;319;935;33;32;352;967
IMG_7100.JPG;817;139;26;31;843;170
IMG_7101.JPG;460;806;29;35;489;841
IMG_7101.JPG;499;866;39;35;538;901
IMG_7101.JPG;400;928;36;34;436;962
IMG_7101.JPG;483;999;47;33;530;1032
IMG_7101.JPG;641;1142;43;36;684;1178
IMG_7102.JPG;383;626;37;42;420;668
IMG_7102.JPG;307;540;37;27;344;567
IMG_7102.JPG;589;585;32;36;621;621
IMG_7102.JPG;389;853;55;41;444;894
IMG_7102.JPG;229;1196;45;33;274;1229
IMG_7106.JPG;723;351;44;34;767;385
IMG_7106.JPG;821;456;29;38;850;494
IMG_7106.JPG;508;393;37;38;545;431
IMG_7106.JPG;646;491;33;31;679;522
IMG_7106.JPG;257;1205;47;34;304;1239
IMG_7109.JPG;282;227;36;31;318;258
IMG_7109.JPG;407;483;43;33;450;516
IMG_7109.JPG;206;779;42;33;248;812
IMG_7109.JPG;52;677;41;27;93;704
IMG_7109.JPG;513;693;42;33;555;726
IMG_7109.JPG;179;217;42;28;221;245
IMG_7110.JPG;211;144;33;37;244;181
IMG_7110.JPG;269;315;28;32;297;347
IMG_7110.JPG;79;514;41;28;120;542
IMG_7111.JPG;533;438;42;34;575;472
IMG_7111.JPG;524;505;43;39;567;544
IMG_7111.JPG;379;676;37;29;416;705
IMG_7111.JPG;558;792;32;36;590;828
IMG_7111.JPG;435;923;39;36;474;959
IMG_7112.JPG;413;645;35;38;448;683
IMG_7112.JPG;450;609;37;37;487;646
IMG_7112.JPG;361;883;39;37;400;920
IMG_7112.JPG;505;818;43;41;548;859
IMG_7112.JPG;559;915;40;39;599;954
IMG_7113.JPG;403;573;29;31;432;604
IMG_7113.JPG;353;549;31;27;384;576
IMG_7113.JPG;451;564;35;35;486;599
IMG_7113.JPG;256;402;37;30;293;432
IMG_7113.JPG;308;434;31;40;339;474
IMG_7115.JPG;364;226;34;30;398;256
IMG_7115.JPG;391;248;34;32;425;280
IMG_7115.JPG;464;540;40;33;504;573
IMG_7115.JPG;401;516;30;35;431;551
IMG_7115.JPG;454;672;42;33;496;705
IMG_7116.JPG;821;1135;39;25;860;1160
IMG_7118.JPG;396;350;49;33;445;383
IMG_7118.JPG;451;682;39;38;490;720
IMG_7118.JPG;571;734;40;33;611;767
IMG_7118.JPG;191;655;39;33;230;688
IMG_7118.JPG;259;688;33;33;292;721
IMG_7119.JPG;86;306;38;38;124;344
IMG_7119.JPG;170;385;38;29;208;414
IMG_7119.JPG;729;604;37;35;766;639
IMG_7121.JPG;22;184;38;27;60;211
IMG_7121.JPG;129;554;45;28;174;582
IMG_7121.JPG;649;743;46;38;695;781
IMG_7123.JPG;340;1065;45;36;385;1101
IMG_7123.JPG;204;928;41;34;245;962
IMG_7123.JPG;45;1139;43;35;88;1174
IMG_7124.JPG;481;435;39;31;520;466
IMG_7124.JPG;336;844;40;37;376;881
IMG_7125.JPG;402;581;29;29;431;610
IMG_7125.JPG;422;636;33;32;455;668
IMG_7125.JPG;500;789;35;33;535;822
IMG_7125.JPG;358;803;42;34;400;837
IMG_7125.JPG;383;898;40;34;423;932
IMG_7126.JPG;326;176;39;34;365;210
IMG_7126.JPG;12;440;35;29;47;469
IMG_7126.JPG;126;498;32;27;158;525
IMG_7126.JPG;279;943;33;29;312;972
IMG_7127.JPG;660;523;34;32;694;555
IMG_7127.JPG;347;776;44;36;391;812
IMG_7127.JPG;359;668;37;31;396;699
IMG_7127.JPG;426;633;40;36;466;669
IMG_7127.JPG;426;847;35;35;461;882
IMG_7128.JPG;449;452;43;33;492;485
IMG_7128.JPG;345;605;40;28;385;633
IMG_7128.JPG;127;784;41;27;168;811
IMG_7128.JPG;404;987;43;38;447;1025
IMG_7129.JPG;290;291;37;32;327;323
IMG_7129.JPG;162;289;34;32;196;321
IMG_7129.JPG;195;519;34;26;229;545
IMG_7129.JPG;486;736;39;42;525;778
IMG_7130.JPG;387;617;36;36;423;653
IMG_7130.JPG;449;654;35;39;484;693
IMG_7130.JPG;486;742;41;41;527;783
IMG_7130.JPG;517;950;40;42;557;992
IMG_7131.JPG;387;26;51;38;438;64
IMG_7131.JPG;510;626;43;37;553;663
IMG_7131.JPG;711;650;35;44;746;694
IMG_7134.JPG;390;780;51;42;441;822
IMG_7134.JPG;342;592;44;38;386;630
IMG_7134.JPG;180;430;39;35;219;465
IMG_7135.JPG;554;168;37;32;591;200
IMG_7135.JPG;568;232;32;35;600;267
IMG_7135.JPG;473;979;47;46;520;1025
IMG_7137.JPG;200;312;38;27;238;339
IMG_7137.JPG;390;261;35;40;425;301
IMG_7137.JPG;370;465;40;35;410;500
IMG_7137.JPG;291;466;40;35;331;501
IMG_7137.JPG;148;893;30;35;178;928
IMG_7138.JPG;19;390;32;30;51;420
IMG_7138.JPG;574;259;24;27;598;286
IMG_7138.JPG;585;552;36;35;621;587
IMG_7139.JPG;353;152;37;34;390;186
IMG_7139.JPG;224;338;40;32;264;370
IMG_7139.JPG;358;293;38;29;396;322
IMG_7139.JPG;463;236;34;35;497;271
IMG_7139.JPG;490;281;39;32;529;313
IMG_7140.JPG;586;299;37;29;623;328
IMG_7140.JPG;496;480;39;36;535;516
IMG_7140.JPG;573;758;41;42;614;800
IMG_7140.JPG;699;858;37;42;736;900
IMG_7140.JPG;446;1207;52;41;498;1248
IMG_7141.JPG;66;238;33;29;99;267
IMG_7141.JPG;274;321;45;34;319;355
IMG_7142.JPG;63;238;41;27;104;265
IMG_7142.JPG;272;322;37;30;309;352
IMG_7143.JPG;468;345;38;32;506;377
IMG_7143.JPG;504;615;32;32;536;647
IMG_7143.JPG;366;731;49;39;415;770
IMG_7143.JPG;750;724;40;37;790;761
IMG_7144.JPG;476;468;39;32;515;500
IMG_7144.JPG;527;504;45;34;572;538
IMG_7144.JPG;759;537;48;39;807;576
IMG_7144.JPG;401;694;37;39;438;733
IMG_7145.JPG;185;434;32;27;217;461
IMG_7145.JPG;55;491;43;32;98;523
IMG_7145.JPG;139;527;33;31;172;558
IMG_7145.JPG;309;926;41;30;350;956
IMG_7146.JPG;582;690;36;39;618;729
IMG_7148.JPG;317;169;42;30;359;199
IMG_7148.JPG;531;203;38;41;569;244
IMG_7148.JPG;348;270;46;35;394;305
IMG_7148.JPG;466;281;42;36;508;317
IMG_7148.JPG;429;302;38;38;467;340
IMG_7149.JPG;672;615;34;36;706;651
IMG_7149.JPG;610;676;37;37;647;713
IMG_7149.JPG;727;684;36;41;763;725
IMG_7149.JPG;790;851;34;30;824;881
IMG_7149.JPG;327;616;44;39;371;655
IMG_7150.JPG;595;658;54;44;649;702
IMG_7150.JPG;428;787;48;37;476;824
IMG_7150.JPG;484;856;38;36;522;892
IMG_7150.JPG;411;862;42;34;453;896
IMG_7150.JPG;486;920;51;39;537;959
IMG_7151.JPG;776;755;49;35;825;790
IMG_7151.JPG;603;1104;49;36;652;1140
IMG_7152.JPG;415;481;48;38;463;519
IMG_7152.JPG;392;572;43;36;435;608
IMG_7152.JPG;237;540;42;35;279;575
IMG_7152.JPG;209;744;45;37;254;781
IMG_7152.JPG;242;865;40;38;282;903
IMG_7153.JPG;389;39;42;29;431;68
IMG_7153.JPG;379;93;29;31;408;124
IMG_7153.JPG;628;64;41;32;669;96
IMG_7153.JPG;372;2;35;22;407;24
IMG_7155.JPG;78;195;32;27;110;222
IMG_7155.JPG;668;45;29;42;697;87
IMG_7155.JPG;546;714;48;39;594;753
IMG_7155.JPG;417;899;49;43;466;942
IMG_7157.JPG;538;88;38;32;576;120
IMG_7158.JPG;375;612;35;40;410;652
IMG_7158.JPG;128;620;41;33;169;653
IMG_7158.JPG;434;680;25;40;459;720
IMG_7158.JPG;309;899;47;36;356;935
IMG_7158.JPG;287;963;49;43;336;1006
IMG_7159.JPG;533;241;29;29;562;270
IMG_7159.JPG;540;430;37;44;577;474
IMG_7159.JPG;382;580;32;32;414;612
IMG_7159.JPG;449;772;34;29;483;801
IMG_7161.JPG;581;430;37;42;618;472
IMG_7161.JPG;522;737;42;38;564;775
IMG_7161.JPG;215;647;43;38;258;685
IMG_7162.JPG;195;268;43;31;238;299
IMG_7162.JPG;862;311;31;38;893;349
IMG_7162.JPG;500;760;42;37;542;797
IMG_7162.JPG;687;846;41;39;728;885
IMG_7162.JPG;58;883;50;36;108;919
IMG_7163.JPG;106;248;47;33;153;281
IMG_7163.JPG;14;719;49;38;63;757
IMG_7163.JPG;216;1212;52;48;268;1260
IMG_7164.JPG;413;734;40;35;453;769
IMG_7164.JPG;310;658;34;36;344;694
IMG_7164.JPG;270;916;49;40;319;956
IMG_7164.JPG;293;984;40;44;333;1028
IMG_7164.JPG;445;1099;35;35;480;1134
IMG_7165.JPG;473;743;46;39;519;782
IMG_7165.JPG;343;687;36;48;379;735
IMG_7165.JPG;654;1162;50;39;704;1201
IMG_7167.JPG;351;468;36;33;387;501
IMG_7167.JPG;427;701;36;38;463;739
IMG_7167.JPG;292;703;32;39;324;742
IMG_7167.JPG;350;756;26;36;376;792
IMG_7167.JPG;387;917;36;34;423;951
IMG_7169.JPG;409;616;35;33;444;649
IMG_7169.JPG;450;719;36;36;486;755
IMG_7169.JPG;425;771;27;31;452;802
IMG_7169.JPG;467;783;32;29;499;812
IMG_7169.JPG;327;1005;32;32;359;1037
IMG_7171.JPG;656;825;43;40;699;865
IMG_7171.JPG;514;902;47;36;561;938
IMG_7171.JPG;770;847;38;33;808;880
IMG_7172.JPG;739;595;41;40;780;635
IMG_7172.JPG;638;709;37;35;675;744
IMG_7172.JPG;871;756;28;33;899;789
IMG_7172.JPG;421;1160;46;32;467;1192
IMG_7172.JPG;493;1184;40;37;533;1221
IMG_7173.JPG;538;672;44;42;582;714
IMG_7173.JPG;704;592;37;35;741;627
IMG_7173.JPG;517;894;44;39;561;933
IMG_7173.JPG;185;631;46;35;231;666
IMG_7176.JPG;343;606;40;29;383;635
IMG_7176.JPG;440;766;50;41;490;807
IMG_7176.JPG;526;899;38;43;564;942
IMG_7176.JPG;684;901;43;40;727;941
IMG_7177.JPG;384;597;40;38;424;635
IMG_7177.JPG;391;695;38;32;429;727
IMG_7177.JPG;447;756;40;30;487;786
IMG_7177.JPG;458;785;56;42;514;827
IMG_7177.JPG;557;806;51;37;608;843
IMG_7178.JPG;410;450;37;35;447;485
IMG_7178.JPG;280;652;44;36;324;688
IMG_7178.JPG;146;639;39;35;185;674
IMG_7182.JPG;133;541;40;40;173;581
IMG_7182.JPG;448;687;35;41;483;728
IMG_7182.JPG;585;863;47;40;632;903
IMG_7182.JPG;434;1001;44;37;478;1038
IMG_7182.JPG;709;1147;41;40;750;1187
IMG_7184.JPG;307;1263;43;34;350;1297
IMG_7184.JPG;14;1136;39;38;53;1174
IMG_7187.JPG;503;602;35;29;538;631
IMG_7187.JPG;363;635;40;35;403;670
IMG_7187.JPG;515;650;40;39;555;689
IMG_7187.JPG;558;959;47;45;605;1004
IMG_7187.JPG;632;350;35;32;667;382
IMG_7188.JPG;382;231;34;34;416;265
IMG_7188.JPG;318;316;39;34;357;350
IMG_7188.JPG;432;290;43;35;475;325
IMG_7188.JPG;305;476;39;39;344;515
IMG_7190.JPG;650;637;50;41;700;678
IMG_7190.JPG;274;796;46;38;320;834
IMG_7190.JPG;474;885;40;37;514;922
IMG_7190.JPG;456;1079;48;37;504;1116
IMG_7190.JPG;115;1080;46;32;161;1112
IMG_7193.JPG;623;507;48;36;671;543
IMG_7193.JPG;740;619;39;37;779;656
IMG_7193.JPG;578;722;38;33;616;755
IMG_7193.JPG;559;876;37;38;596;914
IMG_7194.JPG;426;436;41;37;467;473
IMG_7194.JPG;481;531;42;41;523;572
IMG_7194.JPG;350;526;36;35;386;561
IMG_7195.JPG;563;934;52;41;615;975
IMG_7195.JPG;109;776;52;36;161;812
IMG_7195.JPG;521;1092;40;40;561;1132
IMG_7197.JPG;504;186;35;33;539;219
IMG_7197.JPG;329;236;43;37;372;273
IMG_7197.JPG;447;356;52;45;499;401
IMG_7197.JPG;458;583;43;33;501;616
IMG_7197.JPG;470;655;47;42;517;697
IMG_7198.JPG;343;725;43;39;386;764
IMG_7198.JPG;471;848;36;37;507;885
IMG_7198.JPG;469;896;37;33;506;929
IMG_7198.JPG;744;831;38;36;782;867
IMG_7198.JPG;556;1023;39;36;595;1059
IMG_7199.JPG;556;637;40;36;596;673
IMG_7199.JPG;612;556;41;43;653;599
IMG_7199.JPG;632;842;44;35;676;877
IMG_7199.JPG;574;1078;36;36;610;1114
IMG_7199.JPG;635;1213;45;40;680;1253
IMG_7200.JPG;480;54;41;34;521;88
IMG_7201.JPG;406;272;35;26;441;298
IMG_7201.JPG;432;304;36;34;468;338
IMG_7201.JPG;355;423;46;39;401;462
IMG_7201.JPG;545;510;47;44;592;554
IMG_7201.JPG;404;745;56;39;460;784
IMG_7202.JPG;700;429;33;29;733;458
IMG_7202.JPG;589;536;39;39;628;575
IMG_7202.JPG;492;494;28;34;520;528
IMG_7202.JPG;458;507;29;35;487;542
IMG_7202.JPG;426;668;44;34;470;702
IMG_7203.JPG;570;606;37;43;607;649
IMG_7203.JPG;426;755;52;39;478;794
IMG_7203.JPG;167;1088;41;28;208;1116
IMG_7204.JPG;346;704;45;37;391;741
IMG_7204.JPG;477;790;54;48;531;838
IMG_7204.JPG;272;888;49;41;321;929
IMG_7204.JPG;364;520;46;41;410;561
IMG_7208.JPG;346;369;50;40;396;409
IMG_7208.JPG;437;892;52;40;489;932
IMG_7208.JPG;367;892;46;36;413;928
IMG_7208.JPG;302;992;45;31;347;1023
IMG_7208.JPG;135;1209;57;32;192;1241
IMG_7209.JPG;455;525;55;32;510;557
IMG_7209.JPG;387;606;43;36;430;642
IMG_7209.JPG;373;511;46;40;419;551
IMG_7209.JPG;118;515;43;37;161;552
IMG_7209.JPG;499;761;41;35;540;796
IMG_7210.JPG;492;651;48;38;540;689
IMG_7210.JPG;336;750;55;44;391;794
IMG_7210.JPG;435;867;42;41;477;908
IMG_7210.JPG;524;1069;44;41;568;1110
IMG_7211.JPG;613;269;52;35;665;304
IMG_7211.JPG;422;392;51;41;473;433
IMG_7211.JPG;405;493;44;35;449;528
IMG_7211.JPG;351;561;44;30;395;591
IMG_7211.JPG;289;580;35;32;324;612
IMG_7212.JPG;279;91;37;33;316;124
IMG_7212.JPG;299;323;52;46;351;369
IMG_7212.JPG;313;378;62;28;375;406
IMG_7212.JPG;250;430;43;43;293;473
IMG_7212.JPG;173;694;49;40;222;734
IMG_7213.JPG;489;553;40;37;529;590
IMG_7213.JPG;458;650;35;44;493;694
IMG_7213.JPG;433;750;44;37;477;787
IMG_7213.JPG;445;789;70;39;515;828
IMG_7213.JPG;288;543;43;40;331;583
IMG_7219.JPG;293;303;38;38;331;341
IMG_7219.JPG;370;385;46;40;416;425
IMG_7220.JPG;409;585;48;38;457;623
IMG_7220.JPG;42;1148;55;36;97;1184
IMG_7221.JPG;317;686;50;45;367;731
IMG_7221.JPG;170;728;57;32;227;760
IMG_7221.JPG;349;882;61;50;410;932
IMG_7221.JPG;503;1129;43;39;546;1168
IMG_7221.JPG;137;1197;42;31;179;1228
IMG_7224.JPG;536;670;39;40;575;710
IMG_7224.JPG;509;752;44;49;553;801
IMG_7224.JPG;531;830;53;49;584;879
IMG_7224.JPG;510;892;39;36;549;928
IMG_7224.JPG;493;1239;39;46;532;1285
IMG_7226.JPG;751;409;41;37;792;446
IMG_7226.JPG;611;929;53;49;664;978
IMG_7226.JPG;413;648;40;34;453;682
IMG_7226.JPG;289;612;38;37;327;649
IMG_7228.JPG;476;566;49;33;525;599
IMG_7228.JPG;316;687;44;37;360;724
IMG_7228.JPG;178;651;39;34;217;685
IMG_7228.JPG;273;518;30;33;303;551
IMG_7228.JPG;252;456;41;34;293;490
IMG_7229.JPG;464;584;44;44;508;628
IMG_7229.JPG;780;605;47;39;827;644
IMG_7229.JPG;653;956;57;47;710;1003
IMG_7230.JPG;472;382;55;40;527;422
IMG_7230.JPG;433;502;43;34;476;536
IMG_7230.JPG;433;630;52;41;485;671
IMG_7230.JPG;477;670;51;49;528;719
IMG_7230.JPG;549;816;34;27;583;843
IMG_7231.JPG;457;491;42;35;499;526
IMG_7231.JPG;379;431;35;40;414;471
IMG_7231.JPG;326;658;34;39;360;697
IMG_7231.JPG;471;707;40;46;511;753
IMG_7231.JPG;742;609;34;45;776;654
IMG_7232.JPG;399;361;40;41;439;402
IMG_7232.JPG;347;330;34;38;381;368
IMG_7232.JPG;334;439;41;36;375;475
IMG_7232.JPG;446;568;35;41;481;609
IMG_7232.JPG;562;668;46;40;608;708
IMG_7233.JPG;513;602;46;39;559;641
IMG_7233.JPG;468;660;34;37;502;697
IMG_7233.JPG;438;693;38;33;476;726
IMG_7233.JPG;387;727;39;37;426;764
IMG_7233.JPG;515;883;50;45;565;928
IMG_7235.JPG;362;208;47;46;409;254
IMG_7235.JPG;333;365;40;35;373;400
IMG_7235.JPG;272;452;40;44;312;496
IMG_7235.JPG;396;593;45;41;441;634
IMG_7235.JPG;466;537;40;41;506;578
IMG_7240.JPG;498;539;38;46;536;585
IMG_7240.JPG;600;543;38;37;638;580
IMG_7240.JPG;519;997;46;38;565;1035
IMG_7240.JPG;134;1008;57;34;191;1042
IMG_7240.JPG;706;1183;51;47;757;1230
IMG_7244.JPG;479;732;47;47;526;779
IMG_7244.JPG;516;922;47;41;563;963
IMG_7247.JPG;397;727;47;40;444;767
IMG_7247.JPG;243;795;45;32;288;827
IMG_7247.JPG;478;954;41;39;519;993
IMG_7247.JPG;347;942;64;39;411;981
IMG_7248.JPG;450;477;46;34;496;511
IMG_7248.JPG;460;512;47;33;507;545
IMG_7248.JPG;725;428;36;35;761;463
IMG_7248.JPG;305;549;50;34;355;583
IMG_7248.JPG;519;815;56;40;575;855
IMG_7249.JPG;435;887;47;37;482;924
IMG_7249.JPG;556;989;47;43;603;1032
IMG_7249.JPG;365;1017;55;31;420;1048
IMG_7250.JPG;474;892;26;43;500;935
IMG_7250.JPG;503;889;40;47;543;936
IMG_7250.JPG;374;1121;37;28;411;1149
IMG_7250.JPG;784;934;66;41;850;975
IMG_7251.JPG;420;691;48;38;468;729
IMG_7251.JPG;362;690;38;35;400;725
IMG_7251.JPG;390;742;38;34;428;776
IMG_7251.JPG;491;886;40;34;531;920
IMG_7251.JPG;508;932;48;40;556;972
IMG_7252.JPG;547;792;52;42;599;834
IMG_7252.JPG;455;880;42;39;497;919
IMG_7252.JPG;399;953;42;44;441;997
IMG_7252.JPG;497;989;37;31;534;1020
IMG_7253.JPG;442;740;37;34;479;774
IMG_7253.JPG;334;687;48;34;382;721
IMG_7253.JPG;290;782;43;44;333;826
IMG_7253.JPG;815;1102;44;42;859;1144
IMG_7256.JPG;330;83;44;32;374;115
IMG_7256.JPG;522;546;46;49;568;595
IMG_7256.JPG;364;558;33;34;397;592
IMG_7256.JPG;500;773;38;46;538;819
IMG_7256.JPG;851;263;43;39;894;302
IMG_7258.JPG;113;159;49;36;162;195
IMG_7258.JPG;468;555;53;34;521;589
IMG_7258.JPG;464;749;47;43;511;792
IMG_7258.JPG;274;268;41;37;315;305
