3
1338 2872 1465 2959
1223 3437 1338 3539
736 3779 857 3872
